1.282499999999999751e-01
1.282500044532667582e-01
1.282500038872506909e-01
1.282500044251216609e-01
1.282500058100105866e-01
1.282500023629917496e-01
1.282500011964798625e-01
1.282500001391875255e-01
1.282499982662018145e-01
1.282499977391594603e-01
1.282499984254895087e-01
1.282499984490922118e-01
1.282499981361719110e-01
1.282499978331542723e-01
1.282499975643232315e-01
1.282499968423612691e-01
1.282499959289253588e-01
1.282499949439861175e-01
1.282499936337909985e-01
1.282499922708104645e-01
1.282499910104138163e-01
1.282499899345849181e-01
1.282499889027569617e-01
1.282499879731174852e-01
1.282499873937872070e-01
1.282499874918880400e-01
1.282499883656397777e-01
1.282499897208926043e-01
1.282499915671350410e-01
1.282499941035666891e-01
1.282499974683758703e-01
1.282500015699623019e-01
1.282500054682538526e-01
1.282500086886901591e-01
1.282500116144928426e-01
1.282500143366651080e-01
1.282500166404287600e-01
1.282500181580105980e-01
1.282500185499923506e-01
1.282500181048114030e-01
1.282500171284852719e-01
1.282500155680229570e-01
1.282500133207419013e-01
1.282500104274029440e-01
1.282500073591653911e-01
1.282500048017950200e-01
1.282500024897089974e-01
1.282500002518255355e-01
1.282499981091363983e-01
1.282499961883358519e-01
1.282499946777624633e-01
1.282499936956042752e-01
1.282499929135127448e-01
1.282499921900102369e-01
1.282499914795533491e-01
1.282499907563119379e-01
1.282499900269014337e-01
1.282499894011539521e-01
1.282499888113423359e-01
1.282499882233347765e-01
1.282499876673166561e-01
1.282499872199334978e-01
1.282499869712402929e-01
1.282499869457948416e-01
1.282499870471658920e-01
1.282499872633179605e-01
1.282499876254630522e-01
1.282499881471059477e-01
1.282499887958339080e-01
1.282499893754798781e-01
1.282499898582362685e-01
1.282499903058660629e-01
1.282499907270160944e-01
1.282499910802751275e-01
1.282499912998674718e-01
1.282499913296659966e-01
1.282499912265316344e-01
1.282499910146974453e-01
1.282499906754965557e-01
1.282499902157315796e-01
1.282499897085552232e-01
1.282499893342430308e-01
1.282499891534506220e-01
1.282499891108097867e-01
1.282499892524106011e-01
1.282499896788784344e-01
1.282499904477476804e-01
1.282499914008721209e-01
1.282499922253240721e-01
1.282499929328715094e-01
1.282499935053877382e-01
1.282499937715296523e-01
1.282499934295903976e-01
1.282499922571065376e-01
1.282499905793439698e-01
1.282499885087676483e-01
1.282499859023490674e-01
1.282499826086374861e-01
1.282499786551136445e-01
1.282499744563407595e-01
1.282499710315153085e-01
1.282499680771880535e-01
1.282499652967906967e-01
1.282499626532498938e-01
1.282499602419798768e-01
1.282499581770420449e-01
1.282499566927390311e-01
1.282499554242256257e-01
1.282499541280560373e-01
1.282499527119920490e-01
1.282499511801153125e-01
1.282499496571345154e-01
1.282499485401682182e-01
1.282499477584462255e-01
1.282499472338075597e-01
1.282499470990146051e-01
1.282499475938302935e-01
1.282499489068668064e-01
1.282499507021320762e-01
1.282499525985565658e-01
1.282499546769300391e-01
1.282499570381090137e-01
1.282499596371995398e-01
1.282499622814760598e-01
1.282499644288273011e-01
1.282499659665857494e-01
1.282499672356898768e-01
1.282499683328415241e-01
1.282499692311845074e-01
1.282499698830968926e-01
1.282499702294417621e-01
1.282499703308944417e-01
1.282499702905692818e-01
1.282499700995084480e-01
1.282499697195021715e-01
1.282499691229593841e-01
1.282499683623414544e-01
1.282499675971409958e-01
1.282499669010591647e-01
1.282499663372800303e-01
1.282499677348052369e-01
1.282499689338323368e-01
1.282499698363335494e-01
1.282499704362312087e-01
1.282499703517375744e-01
1.282499702466138036e-01
1.282499700385570651e-01
1.282499697354226864e-01
1.282499693299531396e-01
1.282499690157934968e-01
1.282499688814767169e-01
1.282499688032082419e-01
1.282499688921298897e-01
1.282499692275992642e-01
1.282499696121060517e-01
1.282499700710974799e-01
1.282499707219928731e-01
1.282499715166137144e-01
1.282499721536451698e-01
1.282499728318377552e-01
1.282499737687185226e-01
1.282499750158991592e-01
1.282499761072316002e-01
1.282499773773114471e-01
1.282499792022399054e-01
1.282499800070240059e-01
1.282499815112790043e-01
1.282499825163199436e-01
1.282499835632719964e-01
1.282499847241599655e-01
1.282499856966126117e-01
1.282499864405123313e-01
1.282499867239194347e-01
1.282499867968595886e-01
1.282499865700895414e-01
1.282499853882281549e-01
1.282499834507189185e-01
1.282499816222254230e-01
1.282499785434362549e-01
1.282499753660679698e-01
1.282499732771911483e-01
1.282499705785171140e-01
1.282499681675010883e-01
1.282499670916416312e-01
1.282499659915360135e-01
1.282499654176824100e-01
1.282499655255962268e-01
1.282499657429735651e-01
1.282499664855689669e-01
1.282499672372068855e-01
1.282499678918924968e-01
1.282499688879876198e-01
1.282499697617034140e-01
1.282499703537690605e-01
1.282499711821430965e-01
1.282499720377361097e-01
1.282499725918333777e-01
1.282499733533646602e-01
1.282499742747973959e-01
1.282499745059121066e-01
1.282499747607305229e-01
1.282499752163953344e-01
1.282499754469820230e-01
1.282499756983609129e-01
1.282499758910602139e-01
1.282499760682352663e-01
1.282499762455633907e-01
1.282499764038022572e-01
1.282499765228117261e-01
1.282499766540769470e-01
1.282499768704696841e-01
1.282499771689357970e-01
1.282499774557532279e-01
1.282499777600764335e-01
1.282499782452614923e-01
1.282499786835037958e-01
1.282499794265478388e-01
1.282499805550642025e-01
1.282499815268989263e-01
1.282499831992175432e-01
1.282499855544199652e-01
1.282499857861915393e-01
1.282499860069042930e-01
1.282499872294149967e-01
1.282499874451030197e-01
1.282499882354466159e-01
1.282499884751907848e-01
1.282499886972159608e-01
1.282499887848596587e-01
1.282499886654399901e-01
1.282499883272913699e-01
1.282499863178091226e-01
1.282499846910207797e-01
1.282499820576293026e-01
1.282499781468527389e-01
1.282499756448791106e-01
1.282499725726867490e-01
1.282499687710189351e-01
1.282499667755991335e-01
1.282499649234072059e-01
1.282499632313503501e-01
1.282499628507635936e-01
1.282499628060797536e-01
1.282499634383731102e-01
1.282499648205087384e-01
1.282499659363832978e-01
1.282499676311147641e-01
1.282499697798294702e-01
1.282499711101430240e-01
1.282499727399708245e-01
1.282499748876013701e-01
1.282499762684565225e-01
1.282499778602705365e-01
1.282499803609355726e-01
1.282499823438059960e-01
1.282499835262005949e-01
1.282499832356575609e-01
1.282499846862162340e-01
1.282499848128752229e-01
1.282499855054625160e-01
1.282499858023417039e-01
1.282499860880857712e-01
1.282499863351605207e-01
1.282499864662929590e-01
1.282499865039454789e-01
1.282499864546939872e-01
1.282499863004925578e-01
1.282499858078862132e-01
1.282499851800941726e-01
1.282499847779186575e-01
1.282499840612214559e-01
1.282499834968424124e-01
1.282499832669476147e-01
1.282499829293138882e-01
1.282499829011340964e-01
1.282499830623990977e-01
1.282499833917328802e-01
1.282499841661436935e-01
1.282499847901260870e-01
1.282499857515677633e-01
1.282499869926733427e-01
1.282499876999333155e-01
1.282499885500171799e-01
1.282499890272225940e-01
1.282499889877697363e-01
1.282499886716409188e-01
1.282499873229954457e-01
1.282499861590024326e-01
1.282499845781412129e-01
1.282499820801580592e-01
1.282499806375919094e-01
1.282499790794294769e-01
1.282499775253217733e-01
1.282499771651328668e-01
1.282499769575509430e-01
1.282499775628340721e-01
1.282499786447821866e-01
1.282499797218988880e-01
1.282499816995835984e-01
1.282499834784548154e-01
1.282499849879108478e-01
1.282499874050874455e-01
1.282499896909340131e-01
1.282499916991025335e-01
1.282499953024303918e-01
1.282499991077166723e-01
1.282500024499112212e-01
1.282500080935965736e-01
1.282500069852954283e-01
1.282500095389319805e-01
1.282500107546283297e-01
1.282500113448060419e-01
1.282500127142254531e-01
1.282500130460953180e-01
1.282500134138432335e-01
1.282500133611819693e-01
1.282500131045311298e-01
1.282500125948562719e-01
1.282500104313432920e-01
1.282500089859654746e-01
1.282500072487418319e-01
1.282500048696393613e-01
1.282500034628389629e-01
1.282500023810463630e-01
1.282500012337026152e-01
1.282500006655733216e-01
1.282500004952963624e-01
1.282500004132509641e-01
1.282500006453558272e-01
1.282500009184709966e-01
1.282500012124140887e-01
1.282500017007908721e-01
1.282500020967344556e-01
1.282500024251953807e-01
1.282500028979358386e-01
1.282500033563876152e-01
1.282500036766535678e-01
1.282500040543446407e-01
1.282500040048207279e-01
1.282500041915652644e-01
1.282500041676096769e-01
1.282500042152870667e-01
1.282500042532251916e-01
1.282500042735273682e-01
1.282500043178755877e-01
1.282500044094507796e-01
1.282500044942301576e-01
1.282500047072313576e-01
1.282500050046293527e-01
1.282500056047401749e-01
1.282500060844739831e-01
1.282500065472765849e-01
1.282500072527905377e-01
1.282500080042233703e-01
1.282500086640776527e-01
1.282500096475339968e-01
1.282500111608212701e-01
1.282500124430411281e-01
1.282500140489361284e-01
1.282500160135333911e-01
1.282500182036610814e-01
1.282500199775105099e-01
1.282500223042805920e-01
1.282500251110590683e-01
1.282500267785047776e-01
1.282500283254971174e-01
1.282500298891175172e-01
1.282500306819603086e-01
1.282500307879746171e-01
1.282500305716276490e-01
1.282500294815398234e-01
1.282500279407916277e-01
1.282500265148565077e-01
1.282500244431531433e-01
1.282500216675347415e-01
1.282500197762819205e-01
1.282500179809747676e-01
1.282500158547533464e-01
1.282500141351022027e-01
1.282500132992675790e-01
1.282500125606025332e-01
1.282500121984943287e-01
1.282500124441752209e-01
1.282500128206714440e-01
1.282500134961762073e-01
1.282500146562020049e-01
1.282500155815038123e-01
1.282500164446701285e-01
1.282500175720723279e-01
1.282500187480404008e-01
1.282500195020012945e-01
1.282500203414440043e-01
1.282500214592453558e-01
1.282500224804782318e-01
1.282500228096128680e-01
1.282500230095897087e-01
1.282500235964209589e-01
1.282500239132261799e-01
1.282500243843413823e-01
1.282500247057983545e-01
1.282500249730819941e-01
1.282500252069557756e-01
1.282500254044129928e-01
1.282500255528895849e-01
1.282500259731259862e-01
1.282500260614093113e-01
1.282500261299418520e-01
1.282500260907855072e-01
1.282500259552425692e-01
1.282500258749009192e-01
1.282500257190051229e-01
1.282500255819439550e-01
1.282500256131453853e-01
1.282500256592529475e-01
1.282500258782179325e-01
1.282500263166238830e-01
1.282500267582710463e-01
1.282500274688913866e-01
1.282500285707535714e-01
1.282500293349526921e-01
1.282500301593296477e-01
1.282500312064919212e-01
1.282500319116509913e-01
1.282500322374801327e-01
1.282500324079661747e-01
1.282500319592475846e-01
1.282500311604460042e-01
1.282500302438293049e-01
1.282500286582175242e-01
1.282500265977314646e-01
1.282500251990475182e-01
1.282500236289721152e-01
1.282500218675302062e-01
1.282500208924642893e-01
1.282500203897619928e-01
1.282500201132371342e-01
1.282500205422210382e-01
1.282500212539433027e-01
1.282500220679485547e-01
1.282500233977984794e-01
1.282500249385084001e-01
1.282500260422503868e-01
1.282500273517564182e-01
1.282500291638582757e-01
1.282500306674860813e-01
1.282500320953736117e-01
1.282500341997818705e-01
1.282500354028333900e-01
1.282500370449430049e-01
1.282500384718917030e-01
1.282500400910858984e-01
1.282500420475461977e-01
1.282500436117258724e-01
1.282500446486465884e-01
1.282500455688736773e-01
1.282500462920800888e-01
1.282500465691150116e-01
1.282500464615712876e-01
1.282500462094457727e-01
1.282500457532936566e-01
1.282500450602440389e-01
1.282500431319503476e-01
1.282500419062241603e-01
1.282500403079389062e-01
1.282500389382111028e-01
1.282500382683065543e-01
1.282500374901251183e-01
1.282500370760765174e-01
1.282500369911311333e-01
1.282500369305452637e-01
1.282500371437352016e-01
1.282500373578538411e-01
1.282500376718366253e-01
1.282500382227132474e-01
1.282500385944162213e-01
1.282500390747753072e-01
1.282500396535986020e-01
1.282500399607693353e-01
1.282500402703319331e-01
1.282500403923120258e-01
1.282500403355447682e-01
1.282500402276252338e-01
1.282500398332372948e-01
1.282500395482858713e-01
1.282500393264716931e-01
1.282500390885506492e-01
1.282500392118235411e-01
1.282500394215928818e-01
1.282500399063951357e-01
1.282500407670384979e-01
1.282500414742671901e-01
1.282500424765015412e-01
1.282500437958335460e-01
1.282500447566174984e-01
1.282500460508180229e-01
1.282500480074896532e-01
1.282500495121514372e-01
1.282500517172883714e-01
1.282500553946562261e-01
1.282500560854506755e-01
