2.999999999999999889e-01
2.903122708705022093e-01
2.792908970532453350e-01
2.668034251738435891e-01
2.527252439238633075e-01
2.369451085962466785e-01
2.193706191073344636e-01
1.999331925851644542e-01
1.785926585981456594e-01
1.553411246980667682e-01
1.302059740094482776e-01
1.032518905169250295e-01
7.458180257794073953e-02
4.433664828744426911e-02
1.269397016859895658e-02
-2.013462860091698448e-02
-5.390709068422719352e-02
-8.835542530966228325e-02
-1.231909748888347089e-01
-1.581102126564270516e-01
-1.928008365863697338e-01
-2.269479107247948935e-01
-2.602398312580904705e-01
-2.923738942894404391e-01
-3.230612788620554898e-01
-3.520313048415892876e-01
-3.790348730293326973e-01
-4.038470445667025066e-01
-4.262687768620384565e-01
-4.461278665102390018e-01
-4.632791984375229100e-01
-4.776044315111724337e-01
-4.890112677112217754e-01
-4.974324648495571655e-01
-5.028247389320071870e-01
-5.051676905849402655e-01
-5.044628722185916514e-01
-5.007330736230420909e-01
-4.940218684976829810e-01
-4.843934264284990299e-01
-4.719325528502254508e-01
-4.567448912893463109e-01
-4.389571902689516358e-01
-4.187175140180148802e-01
-3.961952661675134935e-01
-3.715808921635577744e-01
-3.450851363246625891e-01
-3.169377562752599409e-01
-2.873856120910355805e-01
-2.566900926353958279e-01
-2.251238810936493362e-01
-1.929671044596720508e-01
-1.605029584368852236e-01
-1.280129297485521900e-01
-9.577177430264256774e-02
-6.404243420034223810e-02
-3.307108731443392236e-02
-3.082524034619855274e-03
2.572395875528423609e-02
5.317799675530691939e-02
7.914078654697750959e-02
1.035068078398781455e-01
1.262045846231774071e-01
1.471964708730774674e-01
1.664774883434427810e-01
1.840732802917115218e-01
2.000372707405819184e-01
2.144471489204580195e-01
2.274008127101623811e-01
2.390119117441151519e-01
2.494051384867979893e-01
2.587113972151461327e-01
2.670629834726217511e-01
2.745888919381164195e-01
2.814103533609114138e-01
2.876366872765994120e-01
2.933615467654639986e-01
2.986596136087607545e-01
3.035837987164201057e-01
3.081629947968468897e-01
3.124004212946921433e-01
3.162725993976275851e-01
3.197289934886425877e-01
3.226923511227588470e-01
3.250597696585836860e-01
3.267045130097323002e-01
3.274785906819176473e-01
3.272160982952245778e-01
3.257373009972260869e-01
3.228534172454081697e-01
3.183720377402839419e-01
3.121030839023886672e-01
3.038651795093630925e-01
2.934922795944479579e-01
2.808403713465132956e-01
2.657940334641679114e-01
2.482726395857640656e-01
2.282359629485975205e-01
2.056889504920871858e-01
1.806854475532531090e-01
1.533306791393836965e-01
1.237823285420587976e-01
9.225011931225404749e-02
5.899383908379741276e-02
2.431982225865690628e-02
-1.142402836852113301e-02
-4.785453992521052080e-02
-8.456068081901130240e-02
-1.211118492040508393e-01
-1.570667579090047616e-01
-1.919826160230627965e-01
-2.254243088253998495e-01
-2.569732932335420106e-01
-2.862359422924038443e-01
-3.128511394074143803e-01
-3.364969387454961880e-01
-3.568961686031391078e-01
-3.738209068713103100e-01
-3.870957999047112130e-01
-3.966002335492365694e-01
-4.022693961807189966e-01
-4.040942867503000135e-01
-4.021207385360838216e-01
-3.964475319323580438e-01
-3.872236672786578127e-01
-3.746448673762744486e-01
-3.589493723214953746e-01
-3.404130899524158149e-01
-3.193441699792622379e-01
-2.960770736759300026e-01
-2.709662233544404830e-01
-2.443793331495181520e-01
-2.166905402152946858e-01
-1.882734676306566657e-01
-1.594943738711328551e-01
-1.307055505301584486e-01
-1.022391350481043487e-01
-7.440150403179146554e-02
-4.746840010897660639e-02
-2.168091873578915918e-02
2.757544155122245572e-03
2.568326528710946494e-02
4.697316127085082033e-02
6.654465102841891633e-02
8.435450168105912416e-02
1.003967465178140367e-01
1.146997723161558569e-01
1.273227188880333982e-01
1.383513290676416929e-01
1.478934157917024816e-01
1.560740968771812953e-01
1.630309408084279210e-01
1.689091610819491163e-01
1.738569739447321516e-01
1.780212112264670243e-01
1.815432616714049152e-01
1.845553996343056724e-01
1.871775308592590892e-01
1.895143765848675554e-01
1.916531062239761329e-01
1.936614240004280729e-01
1.955861034536095500e-01
1.974519710387033777e-01
1.992613408757150373e-01
2.009939042836963730e-01
2.026070818824213526e-01
2.040368525091597329e-01
2.051990673430069134e-01
2.059912646312758167e-01
2.062949876129275828e-01
2.059786045928053699e-01
2.049006158391376564e-01
2.029134163244451228e-01
1.998674648114580621e-01
1.956157910618350482e-01
1.900187499403447333e-01
1.829489250959387137e-01
1.742960196114415328e-01
1.639716369198065959e-01
1.519137748715752301e-01
1.380908723533829652e-01
1.225052751156249786e-01
1.051959653789965171e-01
8.624042554634335500e-02
6.575555163371202272e-02
4.389752075936955572e-02
2.086058138332001419e-02
-3.125215181889681032e-03
-2.779734624474845123e-02
-5.286511742842769229e-02
-7.801480602144161836e-02
-1.029155539506124012e-01
-1.272258270882546949e-01
-1.506002540100320197e-01
-1.726966863117623818e-01
-1.931832818170145794e-01
-2.117454213168097621e-01
-2.280923073556073710e-01
-2.419630763499185655e-01
-2.531322888804459770e-01
-2.614147031270434018e-01
-2.666691998187729618e-01
-2.688018098928199318e-01
-2.677677847351447316e-01
-2.635726600995175195e-01
-2.562722983191586534e-01
-2.459719008768627979e-01
-2.328240028753675583e-01
-2.170254815499935708e-01
-1.988136247332480122e-01
-1.784613330691374455e-01
-1.562715352336432884e-01
-1.325709745080736468e-01
-1.077034504674944659e-01
-8.202270971269060018e-02
-5.588517291887788729e-02
-2.964265570617041073e-02
-3.635300586174865754e-03
2.181507971901978926e-02
4.641108670067074782e-02
6.988506069717713431e-02
9.200350605786550284e-02
1.125705360006456213e-01
1.314302127095202388e-01
1.484677807043545961e-01
1.636098022451026868e-01
1.768232057774277721e-01
1.881133546447620875e-01
1.975212197257212865e-01
2.051197972726571672e-01
2.110099151363123426e-01
2.153155855173466970e-01
2.181790570899601600e-01
2.197557414426246358e-01
2.202091357282417727e-01
2.197058948569625692e-01
2.184111518272305874e-01
2.164841940331389269e-01
2.140745634447764612e-01
2.113186191149543369e-01
2.083366175683839250e-01
2.052303101350906045e-01
2.020810489911993857e-01
1.989484093667229225e-01
1.958692979193130956e-01
1.928575199728325140e-01
1.899037940261606994e-01
1.869761870532453407e-01
1.840209530041886921e-01
1.809637706175294403e-01
1.777113673878590039e-01
1.741535327341729722e-01
1.701655216857910768e-01
1.656108405977947118e-01
1.603444169007451625e-01
1.542161318366763179e-01
1.470746872670105621e-01
1.387717655215057744e-01
1.291664251452198375e-01
1.181296311016851036e-01
1.055488429717551108e-01
9.133252370863317871e-02
7.541444605508169918e-02
5.775765232239251507e-02
3.835792490338186395e-02
1.724663013727435051e-02
-5.507195340734124395e-03
-2.979560694585645791e-02
-5.547146228121724310e-02
-8.234910817463203525e-02
-1.102060478379598141e-01
-1.387855989249946187e-01
-1.678004353342807953e-01
-1.969369312234054703e-01
-2.258602209310283382e-01
-2.542197824065307032e-01
-2.816554236321449078e-01
-3.078035317875839616e-01
-3.323034042151107870e-01
-3.548035605726184150e-01
-3.749679009276498665e-01
-3.924816122844085875e-01
-4.070567645364461806e-01
-4.184374990757564472e-01
-4.264047878019419646e-01
-4.307807139636490867e-01
-4.314322089914216507e-01
-4.282742249089653286e-01
-4.212722610788238176e-01
-4.104441834179160531e-01
-3.958612586831563585e-01
-3.776482976638315114e-01
-3.559828436096063586e-01
-3.310933012532455977e-01
-3.032559552283898840e-01
-2.727908497775887176e-01
-2.400565091140001994e-01
-2.054435994794942266e-01
-1.693675975720226323e-01
-1.322606263726339992e-01
-9.456273235288037426e-02
-5.671278239470287086e-02
-1.913930518157661714e-02
1.774837732299185816e-02
5.356849261188738331e-02
8.797428593310588352e-02
1.206603656983292888e-01
1.513677446250630554e-01
1.798873508759321060e-01
2.060620616894857648e-01
2.297870286502851356e-01
2.510085607156024023e-01
2.697215336401785901e-01
2.859655306610584535e-01
2.998199277209144253e-01
3.113981238302697685e-01
3.208411770551481412e-01
3.283110806552191341e-01
3.339839167162790834e-01
3.380431083337503972e-01
3.406729463810894698e-01
3.420525682747834750e-01
3.423505176892823743e-01
3.417199659480009144e-01
3.402946914456087546e-01
3.381858524075210815e-01
3.354795636199753295e-01
3.322352948153562413e-01
3.284850864339067811e-01
3.242335478208686061e-01
3.194586190725359764e-01
3.141130699898733725e-01
3.081266872442171012e-01
3.014091092727228527e-01
2.938532586177687311e-01
2.853393089345575562e-01
2.757391117711636697e-01
2.649209933038157994e-01
2.527548274361332559e-01
2.391172419185079723e-01
2.238968625167989668e-01
2.069993918277748812e-01
1.883524114466222088e-01
1.679097161210770794e-01
1.456550289510490093e-01
1.216049478837772369e-01
9.581099347111106390e-02
6.836066043951341542e-02
3.937740008650347789e-02
9.019523784315273962e-03
-2.252196021127277070e-02
-5.502648405249867952e-02
-8.824794282856936178e-02
-1.219194297461649312e-01
-1.557584794855741972e-01
-1.894726298057136382e-01
-2.227650779867458020e-01
-2.553401923647348193e-01
-2.869086992871852648e-01
-3.171923636451198791e-01
-3.459280176188768707e-01
-3.728708586265725988e-01
-3.977969670000367497e-01
-4.205050357799818284e-01
-4.408173762242937332e-01
-4.585802930241830166e-01
-4.736639201967136614e-01
-4.859616822968309546e-01
-4.953895271438443770e-01
-5.018850684105075066e-01
-5.054067751165793876e-01
-5.059333302647752717e-01
-5.034632285597508972e-01
-4.980146641078632141e-01
-4.896257252412039573e-01
-4.783548561789424669e-01
-4.642815098869346735e-01
-4.475069158852184037e-01
-4.281548196866707401e-01
-4.063720517502230622e-01
-3.823287855745947095e-01
-3.562183456763291511e-01
-3.282564261667826333e-01
-2.986796320884766986e-01
-2.677432807964778005e-01
-2.357184305032032634e-01
-2.028881697790467786e-01
-1.695432539094156588e-01
-1.359771789223101768e-01
-1.024808685007572995e-01
-6.933716666893977032e-02
-3.681533932892394612e-02
-5.165791055441293356e-03
2.538476972922454680e-02
5.463753244980451562e-02
8.242499518055211583e-02
1.086134350829145723e-01
1.331043620564696661e-01
1.558349177339616864e-01
1.767772147828867435e-01
1.959366733058270083e-01
2.133494343109276214e-01
2.290789689602772405e-01
2.432120233018395528e-01
2.558540526022737849e-01
2.671242951978067826e-01
2.771506670612485235e-01
2.860645947479109608e-01
2.939959511520732760e-01
3.010682045008447605e-01
3.073938878231434746e-01
3.130704887619810139e-01
3.181768282177229734e-01
3.227699914509236101e-01
3.268828774073981314e-01
3.305224022190184074e-01
3.336683999666560374e-01
3.362732600509680814e-01
3.382623293301071365e-01
3.395351030354200050e-01
3.399672194469667841e-01
3.394132651706662229e-01
3.377103788832673814e-01
3.346826209679496511e-01
3.301460522211897564e-01
3.239144477927428101e-01
3.158055283893606013e-01
3.056475568433449364e-01
2.932861426194807164e-01
2.785910449082943385e-01
2.614627448816045363e-01
2.418385519715632592e-01
2.196980122761806042e-01
1.950673651308887924e-01
1.680228405559091587e-01
1.386926206357124991e-01
1.072573110936251295e-01
7.394884539286881997e-02
3.904782175116650045e-02
2.879285446916589331e-03
-3.419291013558838771e-02
-7.177297397103123144e-02
-1.094410582224556172e-01
-1.467618932743495475e-01
-1.832938441392276407e-01
-2.185980885206239566e-01
-2.522476366385368873e-01
-2.838358849865325051e-01
-3.129844822407064631e-01
-3.393503096900670757e-01
-3.626314337403067634e-01
-3.825719435383428402e-01
-3.989656402157998327e-01
-4.116585868445675200e-01
-4.205505597849955035e-01
-4.255954651751929219e-01
-4.268008106927797529e-01
-4.242263154966622873e-01
-4.179817403967358014e-01
-4.082240147466316693e-01
-3.951537279299157657e-01
-3.790110386573274925e-01
-3.600710583487138350e-01
-3.386387436506832493e-01
-3.150433681755964166e-01
-2.896326204982195840e-01
-2.627664192175402369e-01
-2.348105251507204005e-01
-2.061300751591356450e-01
-1.770831736711639404e-01
-1.480146644129538280e-01
-1.192502631918900408e-01
-9.109119351882072335e-02
-6.380946192250235016e-02
-3.764392741023615818e-02
-1.279724282194951573e-02
1.056623422453809372e-02
3.232151975020287893e-02
5.238310099884407878e-02
7.070403637057409707e-02
8.727415227394900998e-02
1.021174573965678289e-01
1.152888416061272486e-01
1.268702335078546461e-01
1.369663665380081718e-01
1.457002662695874862e-01
1.532086272864263132e-01
1.596371969356465137e-01
1.651362671085760681e-01
1.698563854899705627e-01
1.739443377146458469e-01
1.775394586498558747e-01
1.807703224044695522e-01
1.837518068877150579e-01
1.865825559804609457e-01
1.893428504800398204e-01
1.920928679132994366e-01
1.948713457612333000e-01
1.976946495050510844e-01
2.005562452535932239e-01
