1.499999999999999944e-01
1.714289499359399893e-01
1.902517403074219793e-01
2.063009407090463099e-01
2.194562979379449108e-01
2.296460924786953850e-01
2.368475033456034218e-01
2.410859857396085437e-01
2.424337843417837257e-01
2.410075887116007454e-01
2.369653623693067368e-01
2.305024686668285805e-01
2.218471563040240180e-01
2.112554454341034893e-01
1.990055358422107290e-01
1.853918304348303181e-01
1.707186662753643613e-01
1.552938868593981281e-01
1.394223696621725850e-01
1.233996445957268318e-01
1.075057483945390663e-01
9.199945831785240336e-02
7.711304001522706342e-02
6.304764623757061481e-02
4.996948838218630978e-02
3.800688322516264372e-02
2.724825575788773421e-02
1.774115641188320561e-02
9.492315630844821994e-03
2.468739349940866825e-03
-3.400183999294504981e-03
-8.219623176196136360e-03
-1.212537260628754679e-02
-1.527915783894884770e-02
-1.786330146995826137e-02
-2.007488738593364228e-02
-2.211957890383414727e-02
-2.420524981401340342e-02
-2.653559040330797508e-02
-2.930385372012317413e-02
-3.268689771376059178e-02
-3.683966793750109714e-02
-4.189026434376758729e-02
-4.793571132494912901e-02
-5.503853358267420115e-02
-6.322422089786405852e-02
-7.247963943146104593e-02
-8.275242093052617709e-02
-9.395134286191368644e-02
-1.059476804588739274e-01
-1.185774892199854824e-01
-1.316447537855618688e-01
-1.449253162553482410e-01
-1.581714876304350093e-01
-1.711172259483202673e-01
-1.834837577843659862e-01
-1.949855152895052512e-01
-2.053362595330028018e-01
-2.142552583330930016e-01
-2.214734032185254886e-01
-2.267391407767699041e-01
-2.298241076069152122e-01
-2.305283643299491647e-01
-2.286851305722492622e-01
-2.241649252731916786e-01
-2.168790326065502538e-01
-2.067822102757071179e-01
-1.938745703383931707e-01
-1.782025734805971484e-01
-1.598590910539040288e-01
-1.389825052407323291e-01
-1.157548439057743822e-01
-9.039896557995270865e-02
-6.317484085073019062e-02
-3.437500659101076078e-02
-4.319297706573795720e-03
2.665100634507870311e-02
5.817946582550450468e-02
8.990102333229180176e-02
1.214486158825201084e-01
1.524596704703951033e-01
1.825823052137683644e-01
2.114810702944573961e-01
2.388420963571455669e-01
2.643775464304122247e-01
2.878292944750825422e-01
3.089718000213040883e-01
3.276141816624552616e-01
3.436015246965642422e-01
3.568154869959248021e-01
3.671742800160816556e-01
3.746321180078204804e-01
3.791782297571834603e-01
3.808355195499674717e-01
3.796589513056082277e-01
3.757337103044490201e-01
3.691731714630874794e-01
3.601166894711180788e-01
3.487271995367483557e-01
3.351886035495931226e-01
3.197029080512618915e-01
3.024870787916661974e-01
2.837695892361504213e-01
2.637866518711756703e-01
2.427781466642169039e-01
2.209832907289469572e-01
1.986361244820551153e-01
1.759609262586671607e-01
1.531676866864840614e-01
1.304478016895849468e-01
1.079701572519289055e-01
8.587778039969892752e-02
6.428522128077593378e-02
4.327681762725564540e-02
2.290594510575118259e-02
3.195336080815800242e-03
-1.586150285151155526e-02
-3.429779559615217521e-02
-5.216999171348110642e-02
-6.955337087898635917e-02
-8.653691186477803499e-02
-1.032176116097638513e-01
-1.196944713545874117e-01
-1.360623762346119259e-01
-1.524060954490500941e-01
-1.687946287673072476e-01
-1.852760949096232124e-01
-2.018733359789168791e-01
-2.185803894765198929e-01
-2.353599322718582521e-01
-2.521417655116349188e-01
-2.688223729020750574e-01
-2.852655452524880952e-01
-3.013040374703662150e-01
-3.167421971495244515e-01
-3.313594794076802352e-01
-3.449147496895951792e-01
-3.571512653286406103e-01
-3.678022205607607287e-01
-3.765967421952110539e-01
-3.832662214128178535e-01
-3.875508283540624044e-01
-3.892061603663818925e-01
-3.880098250651032310e-01
-3.837678606721549590e-01
-3.763208526364650863e-01
-3.655495839589889551e-01
-3.513800747429908777e-01
-3.337878387923731149e-01
-3.128011942766160125e-01
-2.885034706468476151e-01
-2.610339737014059636e-01
-2.305875921671053375e-01
-1.974129681301616812e-01
-1.618092059833683427e-01
-1.241211518805648145e-01
-8.473331744097502283e-02
-4.406260850831851539e-02
-2.550068893943265719e-03
3.934809997552252830e-02
8.116996013109908925e-02
1.224573562521441422e-01
1.627652079881139191e-01
2.016702628244613771e-01
2.387790191898995773e-01
2.737345641043043010e-01
3.062221610950474626e-01
3.359734341944123348e-01
3.627691269941196173e-01
3.864404245572575780e-01
4.068689260925149598e-01
4.239853924976099142e-01
4.377674337292422058e-01
4.482363316323637603e-01
4.554531992430277398e-01
4.595146855470559344e-01
4.605484137964252489e-01
4.587083338417518585e-01
4.541701018865446082e-01
4.471266321843003211e-01
4.377838621060346491e-01
4.263567806009741501e-01
4.130657562763138113e-01
3.981331229228550761e-01
3.817800140081165639e-01
3.642234336182413323e-01
3.456735038647546499e-01
3.263308860114993992e-01
3.063843641085177150e-01
2.860085831572622417e-01
2.653619837970804252e-01
2.445849559464667866e-01
2.237982671371269716e-01
2.031018406052773340e-01
1.825739332054636399e-01
1.622707834523491321e-01
1.422267919882272968e-01
1.224552580444265709e-01
1.029497054156878477e-01
8.368578972097849566e-02
6.462372671386641676e-02
4.571122986278411404e-02
2.688683210941290522e-02
8.083486425548899040e-03
-1.076766138399566641e-02
-2.973347628124392919e-02
-4.887514609669016408e-02
-6.824473477435064050e-02
-8.788209208977795783e-02
-1.078122168859961538e-01
-1.280431481465272303e-01
-1.485644426760590886e-01
-1.693462076490089285e-01
-1.903387347974600796e-01
-2.114726621313859911e-01
-2.326595871652372416e-01
-2.537930921577817300e-01
-2.747500730728512641e-01
-2.953922798519723614e-01
-3.155680111050969683e-01
-3.351138792170973990e-01
-3.538565996422274873e-01
-3.716148006702575946e-01
-3.882008128352774645e-01
-4.034224835583440916e-01
-4.170850591022598475e-01
-4.289931626028828937e-01
-4.389529535374371849e-01
-4.467745129049898178e-01
-4.522745162209931280e-01
-4.552792297329887883e-01
-4.556278422157964969e-01
-4.531761386091248123e-01
-4.478004235582384585e-01
-4.394016726476575041e-01
-4.279097570224993374e-01
-4.132875843938996208e-01
-3.955350277277651649e-01
-3.746924058039633465e-01
-3.508433181482268903e-01
-3.241166686315121725e-01
-2.946876571285959034e-01
-2.627776081730332502e-01
-2.286525311120364001e-01
-1.926203230546081890e-01
-1.550266478129854741e-01
-1.162495481018789439e-01
-7.669287488239270867e-02
-3.677877164706559038e-02
3.060562411467494803e-03
4.239161151904057012e-02
8.078842023489891944e-02
1.178413291337602198e-01
1.531653050645436498e-01
1.864075401691530076e-01
2.172541243352401341e-01
2.454355927180474906e-01
2.707312115493589189e-01
2.929718911640235013e-01
3.120417727383754114e-01
3.278784301388960043e-01
3.404718091130872204e-01
3.498619733544845456e-01
3.561357932749035782e-01
3.594227150125187120e-01
3.598897590421466508e-01
3.577358940646642727e-01
3.531859523674550361e-01
3.464842149219006240e-01
3.378878194972824711e-01
3.276601263168893441e-01
3.160641807884145837e-01
3.033563997732061090e-01
2.897806204619138848e-01
2.755626392289131088e-01
2.609053677687266370e-01
2.459847288191586434e-01
2.309464045638508767e-01
2.159035384475494201e-01
2.009354573855224868e-01
1.860874868750167499e-01
1.713718744733477295e-01
1.567697918300097470e-01
1.422344114626213352e-01
1.276949426106589180e-01
1.130614863185555041e-01
9.823061079343754776e-02
8.309140893602701139e-02
6.753182341678495848e-02
5.144506361450132403e-02
3.473582672525145354e-02
1.732611265580660809e-02
-8.395626375779373547e-04
-1.978978336982998437e-02
-3.952279487636587568e-02
-6.000415038030024184e-02
-8.116551880041997236e-02
-1.029046196288943837e-01
-1.250863184165424136e-01
-1.475447816661817901e-01
-1.700865298978640749e-01
-1.924943145990732352e-01
-2.145316064769663966e-01
-2.359474974375961320e-01
-2.564818896045654162e-01
-2.758707608194950756e-01
-2.938513745740556904e-01
-3.101673276488682296e-01
-3.245733050338944214e-01
-3.368395601128501560e-01
-3.467559671969836499e-01
-3.541357566695871872e-01
-3.588188581323131787e-01
-3.606748871626732633e-01
-3.596057931142252473e-01
-3.555481529959892417e-01
-3.484751164469775397e-01
-3.383979672544796258e-01
-3.253672599425079248e-01
-3.094734857282788187e-01
-2.908471682443662387e-01
-2.696583595595369864e-01
-2.461154353344398305e-01
-2.204631405664098376e-01
-1.929798582975654486e-01
-1.639740696709529044e-01
-1.337800381914516223e-01
-1.027527762017850232e-01
-7.126235642009381976e-02
-3.968771204541984843e-02
-8.410077103254705311e-03
2.219379739086791217e-02
5.175843849379235112e-02
7.993627866840249951e-02
1.064039549123219630e-01
1.308680924135063872e-01
1.530704360631733318e-01
1.727922190196996555e-01
1.898576527552431892e-01
2.041365207316794272e-01
2.155457702170805734e-01
2.240501817984981991e-01
2.296620578350860586e-01
2.324400039942676743e-01
2.324868376808440495e-01
2.299466835001242049e-01
2.250013255671879930e-01
2.178658912189359864e-01
2.087839466665128152e-01
1.980220964253228411e-01
1.858641813175442303e-01
1.726051806603034477e-01
1.585449307204652714e-01
1.439817802277341685e-01
1.292063143353964216e-01
1.144952798206430311e-01
1.001058434208029202e-01
8.627032430571775212e-02
7.319152397354100614e-02
6.103877162649504889e-02
4.994479112640094753e-02
4.000346865734549090e-02
3.126858300133777968e-02
2.375354008920987220e-02
1.743211653906092187e-02
1.224019007739637899e-02
8.078428617890678204e-03
4.815859851380495209e-03
2.294229964616981837e-03
3.330424639450145410e-04
-1.264842478602370155e-03
-2.707199890552919146e-03
-4.206171519883786930e-03
-5.971887986400361073e-03
-8.206145194490895370e-03
-1.109629429106624363e-02
-1.480949424672801246e-02
-1.948747147482690970e-02
-2.524192066952384711e-02
-3.215065970404475115e-02
-4.025463215612982981e-02
-4.955584013258181736e-02
-6.001625317389143455e-02
-7.155771441709521397e-02
-8.406284884717962758e-02
-9.737694826275604398e-02
-1.113107743657343884e-01
-1.256442014577315580e-01
-1.401306176867730124e-01
-1.545019616326876732e-01
-1.684742713785110091e-01
-1.817536180490794129e-01
-1.940422926107273904e-01
-2.050451048469915105e-01
-2.144756692730366010e-01
-2.220625561803059034e-01
-2.275551878384904914e-01
-2.307293737371912401e-01
-2.313923855645968752e-01
-2.293874796446765951e-01
-2.245977799369340278e-01
-2.169494449213707488e-01
-2.064140451314211977e-01
-1.930100895817842832e-01
-1.768036495324801227e-01
-1.579080336548933094e-01
-1.364825113250937028e-01
-1.127300636983847859e-01
-8.689419791188664199e-02
-5.925488351521893821e-02
-3.012368448422479694e-02
1.618040359081338725e-04
3.124406652393461881e-02
6.275216461289596925e-02
9.430846294961545140e-02
1.255353809311600122e-01
1.560619911464740939e-01
1.855303013477398733e-01
2.136010551333118734e-01
2.399589220160828762e-01
2.643169948299990968e-01
2.864205105073429070e-01
3.060497758299023374e-01
3.230223102231803978e-01
3.371942311714004603e-01
3.484609295625632486e-01
3.567571206510380399e-01
3.620563410525635684e-01
3.643699544567129411e-01
3.637457452546461467e-01
3.602661453732841634e-01
3.540461213164996512e-01
3.452307487588584523e-01
3.339924684786912401e-01
3.205280083177560191e-01
3.050549653531337557e-01
2.878080310139767284e-01
2.690348524093915672e-01
2.489915568677640301e-01
2.279379748142954520e-01
2.061326290723383414e-01
1.838276011456690673e-01
1.612634029278062764e-01
1.386639962416265637e-01
1.162321484762857543e-01
9.414530254387687425e-02
7.255212271327277085e-02
5.156989556913980227e-02
3.128291345201857782e-02
1.174194034398865286e-02
-7.035178815293873650e-03
-2.506175609164965068e-02
-4.237938761703155532e-02
-5.905406086266595106e-02
-7.517137428416784117e-02
-9.083103688429396139e-02
-1.061408581198885898e-01
-1.212104478320288753e-01
-1.361448592300004423e-01
-1.510384019924353727e-01
-1.659688520481153728e-01
-1.809922541712250810e-01
-1.961385030328523515e-01
-2.114078093163222205e-01
-2.267682044167656230e-01
-2.421541064568994983e-01
-2.574659824379496031e-01
-2.725711321747737448e-01
-2.873055061779039021e-01
-3.014765084593796218e-01
-3.148667207340762331e-01
-3.272383999464277826e-01
-3.383386525516412502e-01
-3.479051745198478152e-01
-3.556724033113962125e-01
-3.613779676255542417e-01
-3.647693041372416234e-01
-3.656103014307304222e-01
-3.636878401403212391e-01
-3.588180880816564944e-01
-3.508524073622928952e-01
-3.396827183673736816e-01
-3.252461735422840228e-01
-3.075289843466867956e-01
-2.865692484360489178e-01
-2.624586508560949327e-01
-2.353429088242986189e-01
-2.054208839448504742e-01
-1.729423196005323016e-01
-1.382041742391403039e-01
-1.015456390204276804e-01
-6.334194230073107723e-02
-2.399706222343149509e-02
1.606437340313662809e-02
5.640576406696036493e-02
9.658754239830313892e-02
1.361761299703083683e-01
1.747525796553907051e-01
2.119206224240670067e-01
2.473138110174205595e-01
