0.000000000000000000e+00
7.554932233081666781e-02
1.510986446616333356e-01
2.266479669924499896e-01
3.021972893232666713e-01
3.777466116540833529e-01
4.532959339848999791e-01
5.288452563157166608e-01
6.043945786465333425e-01
6.799439009773500242e-01
7.554932233081667059e-01
8.310425456389833876e-01
9.065918679697999583e-01
9.821411903006166400e-01
1.057690512631433322e+00
1.133239834962250114e+00
1.208789157293066685e+00
1.284338479623883256e+00
1.359887801954700048e+00
1.435437124285516619e+00
1.510986446616333412e+00
1.586535768947149982e+00
1.662085091277966775e+00
1.737634413608783346e+00
1.813183735939599917e+00
1.888733058270416709e+00
1.964282380601233280e+00
2.039831702932049851e+00
2.115381025262866643e+00
2.190930347593683436e+00
2.266479669924500229e+00
2.342028992255316577e+00
2.417578314586133370e+00
2.493127636916950163e+00
2.568676959247766511e+00
2.644226281578583304e+00
2.719775603909400097e+00
2.795324926240216890e+00
2.870874248571033238e+00
2.946423570901850031e+00
3.021972893232666824e+00
3.097522215563483172e+00
3.173071537894299965e+00
3.248620860225116758e+00
3.324170182555933550e+00
3.399719504886749899e+00
3.475268827217566692e+00
3.550818149548383484e+00
3.626367471879199833e+00
3.701916794210016626e+00
3.777466116540833418e+00
3.853015438871650211e+00
3.928564761202466560e+00
4.004114083533283797e+00
4.079663405864099701e+00
4.155212728194916494e+00
4.230762050525733287e+00
4.306311372856550079e+00
4.381860695187366872e+00
4.457410017518183665e+00
4.532959339849000457e+00
4.608508662179816362e+00
4.684057984510633155e+00
4.759607306841449947e+00
4.835156629172266740e+00
4.910705951503083533e+00
4.986255273833900326e+00
5.061804596164717118e+00
5.137353918495533023e+00
5.212903240826349816e+00
5.288452563157166608e+00
5.364001885487983401e+00
5.439551207818800194e+00
5.515100530149616986e+00
5.590649852480433779e+00
5.666199174811249684e+00
5.741748497142066476e+00
5.817297819472883269e+00
5.892847141803700062e+00
5.968396464134516854e+00
6.043945786465333647e+00
6.119495108796150440e+00
6.195044431126966344e+00
6.270593753457783137e+00
6.346143075788599930e+00
6.421692398119416723e+00
6.497241720450233515e+00
6.572791042781050308e+00
6.648340365111867101e+00
6.723889687442683005e+00
6.799439009773499798e+00
6.874988332104316591e+00
6.950537654435133383e+00
7.026086976765950176e+00
7.101636299096766969e+00
7.177185621427583762e+00
7.252734943758399666e+00
7.328284266089216459e+00
7.403833588420033252e+00
7.479382910750850044e+00
7.554932233081666837e+00
7.630481555412483630e+00
7.706030877743300422e+00
7.781580200074117215e+00
7.857129522404933120e+00
7.932678844735749912e+00
8.008228167066567593e+00
8.083777489397382610e+00
8.159326811728199402e+00
8.234876134059016195e+00
8.310425456389832988e+00
8.385974778720649780e+00
8.461524101051466573e+00
8.537073423382283366e+00
8.612622745713100159e+00
8.688172068043916951e+00
8.763721390374733744e+00
8.839270712705550537e+00
8.914820035036367329e+00
8.990369357367184122e+00
9.065918679698000915e+00
9.141468002028815931e+00
9.217017324359632724e+00
9.292566646690449517e+00
9.368115969021266309e+00
9.443665291352083102e+00
9.519214613682899895e+00
9.594763936013716688e+00
9.670313258344533480e+00
9.745862580675350273e+00
9.821411903006167066e+00
9.896961225336983858e+00
9.972510547667800651e+00
1.004805986999861744e+01
1.012360919232943424e+01
1.019915851466025103e+01
1.027470783699106605e+01
1.035025715932188284e+01
1.042580648165269963e+01
1.050135580398351642e+01
1.057690512631433322e+01
1.065245444864515001e+01
1.072800377097596680e+01
1.080355309330678359e+01
1.087910241563760039e+01
1.095465173796841718e+01
1.103020106029923397e+01
1.110575038263005077e+01
1.118129970496086756e+01
1.125684902729168435e+01
1.133239834962249937e+01
1.140794767195331616e+01
1.148349699428413295e+01
1.155904631661494975e+01
1.163459563894576654e+01
1.171014496127658333e+01
1.178569428360740012e+01
1.186124360593821692e+01
1.193679292826903371e+01
1.201234225059985050e+01
1.208789157293066729e+01
1.216344089526148409e+01
1.223899021759230088e+01
1.231453953992311767e+01
1.239008886225393269e+01
1.246563818458474948e+01
1.254118750691556627e+01
1.261673682924638307e+01
1.269228615157719986e+01
1.276783547390801665e+01
1.284338479623883345e+01
1.291893411856965024e+01
1.299448344090046703e+01
1.307003276323128382e+01
1.314558208556210062e+01
1.322113140789291741e+01
1.329668073022373420e+01
1.337223005255455099e+01
1.344777937488536601e+01
1.352332869721618280e+01
1.359887801954699960e+01
1.367442734187781639e+01
1.374997666420863318e+01
1.382552598653944997e+01
1.390107530887026677e+01
1.397662463120108356e+01
1.405217395353190035e+01
1.412772327586271714e+01
1.420327259819353394e+01
1.427882192052435073e+01
1.435437124285516752e+01
1.442992056518598432e+01
1.450546988751679933e+01
1.458101920984761612e+01
1.465656853217843292e+01
1.473211785450924971e+01
1.480766717684006650e+01
1.488321649917088330e+01
1.495876582150170009e+01
1.503431514383251688e+01
1.510986446616333367e+01
1.518541378849415047e+01
1.526096311082496726e+01
1.533651243315578405e+01
1.541206175548660084e+01
1.548761107781741764e+01
1.556316040014823443e+01
1.563870972247904945e+01
1.571425904480986624e+01
1.578980836714068303e+01
1.586535768947149982e+01
1.594090701180231662e+01
1.601645633413313519e+01
1.609200565646395020e+01
1.616755497879476522e+01
1.624310430112558379e+01
1.631865362345639880e+01
1.639420294578721737e+01
1.646975226811803239e+01
1.654530159044885096e+01
1.662085091277966598e+01
1.669640023511048454e+01
1.677194955744129956e+01
1.684749887977211813e+01
1.692304820210293315e+01
1.699859752443375172e+01
1.707414684676456673e+01
1.714969616909538530e+01
1.722524549142620032e+01
1.730079481375701533e+01
1.737634413608783390e+01
1.745189345841864892e+01
1.752744278074946749e+01
1.760299210308028250e+01
1.767854142541110107e+01
1.775409074774191609e+01
1.782964007007273466e+01
1.790518939240354968e+01
1.798073871473436824e+01
1.805628803706518326e+01
1.813183735939600183e+01
1.820738668172681685e+01
1.828293600405763186e+01
1.835848532638845043e+01
1.843403464871926545e+01
1.850958397105008402e+01
1.858513329338089903e+01
1.866068261571171760e+01
1.873623193804253262e+01
1.881178126037335119e+01
1.888733058270416620e+01
1.896287990503498477e+01
1.903842922736579979e+01
1.911397854969661836e+01
1.918952787202743338e+01
1.926507719435825194e+01
1.934062651668906696e+01
1.941617583901988198e+01
1.949172516135070055e+01
1.956727448368151556e+01
1.964282380601233413e+01
1.971837312834314915e+01
1.979392245067396772e+01
1.986947177300478273e+01
1.994502109533560130e+01
2.002057041766641632e+01
2.009611973999723489e+01
2.017166906232804990e+01
2.024721838465886847e+01
2.032276770698968349e+01
2.039831702932050206e+01
2.047386635165131707e+01
2.054941567398213209e+01
2.062496499631295066e+01
2.070051431864376568e+01
2.077606364097458425e+01
2.085161296330539926e+01
2.092716228563621783e+01
2.100271160796703285e+01
2.107826093029785142e+01
2.115381025262866643e+01
2.122935957495948500e+01
2.130490889729030002e+01
2.138045821962111859e+01
2.145600754195193360e+01
2.153155686428274862e+01
2.160710618661356719e+01
2.168265550894438221e+01
2.175820483127520077e+01
2.183375415360601579e+01
2.190930347593683436e+01
2.198485279826764938e+01
2.206040212059846795e+01
2.213595144292928296e+01
2.221150076526010153e+01
2.228705008759091655e+01
2.236259940992173512e+01
2.243814873225255013e+01
2.251369805458336870e+01
2.258924737691418372e+01
2.266479669924499873e+01
2.274034602157581730e+01
2.281589534390663232e+01
2.289144466623745089e+01
2.296699398856826591e+01
2.304254331089908447e+01
2.311809263322989949e+01
2.319364195556071806e+01
2.326919127789153308e+01
2.334474060022235165e+01
2.342028992255316666e+01
2.349583924488398523e+01
2.357138856721480025e+01
2.364693788954561526e+01
2.372248721187643383e+01
2.379803653420724885e+01
2.387358585653806742e+01
2.394913517886888243e+01
2.402468450119970100e+01
2.410023382353051602e+01
2.417578314586133459e+01
2.425133246819214961e+01
2.432688179052296817e+01
2.440243111285378319e+01
2.447798043518460176e+01
2.455352975751541678e+01
2.462907907984623535e+01
2.470462840217705036e+01
2.478017772450786538e+01
2.485572704683868395e+01
2.493127636916949896e+01
2.500682569150031753e+01
2.508237501383113255e+01
2.515792433616195112e+01
2.523347365849276613e+01
2.530902298082358470e+01
2.538457230315439972e+01
2.546012162548521829e+01
2.553567094781603330e+01
2.561122027014685187e+01
2.568676959247766689e+01
2.576231891480848546e+01
2.583786823713930048e+01
2.591341755947011549e+01
2.598896688180093406e+01
2.606451620413174908e+01
2.614006552646256765e+01
2.621561484879338266e+01
2.629116417112420123e+01
2.636671349345501625e+01
2.644226281578583482e+01
2.651781213811664983e+01
2.659336146044746840e+01
2.666891078277828342e+01
2.674446010510910199e+01
2.682000942743991700e+01
2.689555874977073202e+01
2.697110807210155059e+01
2.704665739443236561e+01
2.712220671676318418e+01
2.719775603909399919e+01
2.727330536142481776e+01
2.734885468375563278e+01
2.742440400608645135e+01
2.749995332841726636e+01
2.757550265074808493e+01
2.765105197307889995e+01
2.772660129540971852e+01
2.780215061774053353e+01
2.787769994007135210e+01
2.795324926240216712e+01
2.802879858473298214e+01
2.810434790706380070e+01
2.817989722939461572e+01
2.825544655172543429e+01
2.833099587405624931e+01
2.840654519638706788e+01
2.848209451871788289e+01
2.855764384104870146e+01
2.863319316337951648e+01
2.870874248571033505e+01
2.878429180804115006e+01
2.885984113037196863e+01
2.893539045270278365e+01
2.901093977503359866e+01
2.908648909736441723e+01
2.916203841969523225e+01
2.923758774202605082e+01
2.931313706435686584e+01
2.938868638668768440e+01
2.946423570901849942e+01
2.953978503134931799e+01
2.961533435368013301e+01
2.969088367601095158e+01
2.976643299834176659e+01
2.984198232067258516e+01
2.991753164300340018e+01
2.999308096533421875e+01
3.006863028766503376e+01
3.014417960999584878e+01
3.021972893232666735e+01
3.029527825465748236e+01
3.037082757698830093e+01
3.044637689931911595e+01
3.052192622164993452e+01
3.059747554398074953e+01
3.067302486631156810e+01
3.074857418864238312e+01
3.082412351097320169e+01
3.089967283330401671e+01
3.097522215563483527e+01
3.105077147796565029e+01
3.112632080029646886e+01
3.120187012262728388e+01
3.127741944495809889e+01
3.135296876728891746e+01
3.142851808961973248e+01
3.150406741195055105e+01
3.157961673428136606e+01
3.165516605661218463e+01
3.173071537894299965e+01
3.180626470127381822e+01
3.188181402360463323e+01
3.195736334593545180e+01
3.203291266826627037e+01
3.210846199059708539e+01
3.218401131292790041e+01
3.225956063525871542e+01
3.233510995758953044e+01
3.241065927992035256e+01
3.248620860225116758e+01
3.256175792458198259e+01
3.263730724691279761e+01
3.271285656924361973e+01
3.278840589157443475e+01
3.286395521390524976e+01
3.293950453623606478e+01
3.301505385856688690e+01
3.309060318089770192e+01
3.316615250322851693e+01
3.324170182555933195e+01
3.331725114789014697e+01
3.339280047022096909e+01
3.346834979255178411e+01
3.354389911488259912e+01
3.361944843721341414e+01
3.369499775954423626e+01
3.377054708187505128e+01
3.384609640420586629e+01
3.392164572653668131e+01
3.399719504886750343e+01
3.407274437119831845e+01
3.414829369352913346e+01
3.422384301585994848e+01
3.429939233819077060e+01
3.437494166052158562e+01
3.445049098285240063e+01
3.452604030518321565e+01
3.460158962751403067e+01
3.467713894984485279e+01
3.475268827217566781e+01
3.482823759450648282e+01
3.490378691683729784e+01
3.497933623916811996e+01
3.505488556149893498e+01
3.513043488382974999e+01
3.520598420616056501e+01
3.528153352849138713e+01
3.535708285082220215e+01
3.543263217315301716e+01
3.550818149548383218e+01
3.558373081781464720e+01
3.565928014014546932e+01
3.573482946247628433e+01
3.581037878480709935e+01
3.588592810713791437e+01
3.596147742946873649e+01
3.603702675179955150e+01
3.611257607413036652e+01
3.618812539646118154e+01
3.626367471879200366e+01
3.633922404112281868e+01
3.641477336345363369e+01
3.649032268578444871e+01
3.656587200811526372e+01
3.664142133044608585e+01
3.671697065277690086e+01
3.679251997510771588e+01
3.686806929743853090e+01
3.694361861976935302e+01
3.701916794210016803e+01
3.709471726443098305e+01
3.717026658676179807e+01
3.724581590909262019e+01
3.732136523142343520e+01
3.739691455375425022e+01
3.747246387608506524e+01
3.754801319841588736e+01
3.762356252074670238e+01
3.769911184307751739e+01
