2.999999999999999889e-01
3.223068200779854453e-01
3.438322068705906287e-01
3.644703699646623107e-01
3.841057756422535108e-01
4.026139386374567031e-01
4.198626551860824008e-01
4.357136063554308270e-01
4.500243396629228787e-01
4.626505611994382594e-01
4.734487022682245527e-01
4.822786642418080971e-01
4.890066738093213350e-01
4.935081752376184738e-01
4.956706562465425514e-01
4.953963221496366920e-01
4.926045439574726070e-01
4.872339899788551976e-01
4.792443898540294511e-01
4.686178815115556451e-01
4.553599036973111081e-01
4.394996270166044439e-01
4.210899259218406909e-01
4.002069137682510713e-01
3.769490777966483241e-01
3.514360643543064655e-01
3.238071726055457566e-01
2.942196223843389080e-01
2.628466580674728714e-01
2.298755511761967352e-01
1.955055593001706893e-01
1.599458884515125578e-01
1.234136956867098178e-01
8.613215838102966648e-02
4.832862216329626009e-02
1.023283166420085183e-02
-2.792476184121613775e-02
-6.591463024266253079e-02
-1.035097541002279187e-01
-1.404871843360682160e-01
-1.766295987767313447e-01
-2.117268677231480267e-01
-2.455776382757931531e-01
-2.779909375720176490e-01
-3.087877858054458025e-01
-3.378027997757747647e-01
-3.648857571361469598e-01
-3.899030852660362867e-01
-4.127392297587124115e-01
-4.332978535618536853e-01
-4.515028166387554664e-01
-4.672988874366660883e-01
-4.806521419377084436e-01
-4.915500179790622814e-01
-5.000009974802641644e-01
-5.060339056139778746e-01
-5.096968296984856206e-01
-5.110556750064750853e-01
-5.101923906021791355e-01
-5.072029088302836275e-01
-5.021948545317639345e-01
-4.952850895469565473e-01
-4.865971632162397476e-01
-4.762587418316264198e-01
-4.643990926286333254e-01
-4.511466868883667325e-01
-4.366269887763568058e-01
-4.209604855494765707e-01
-4.042610046894191678e-01
-3.866343533217904693e-01
-3.681773056605719407e-01
-3.489769502920926358e-01
-3.291104032760378550e-01
-3.086448815446211080e-01
-2.876381226745485242e-01
-2.661391305679894348e-01
-2.441892195630263607e-01
-2.218233256626099825e-01
-1.990715491681737392e-01
-1.759608879886994381e-01
-1.525171185758956993e-01
-1.287667786062160480e-01
-1.047392014669968341e-01
-8.046855157279814152e-02
-5.599580779076653025e-02
-3.137063744367696999e-02
-6.653104295512232702e-03
1.808484688110841704e-02
4.275818685681285342e-02
6.726793433971711700e-02
9.150067256510031888e-02
1.153284972617909104e-01
1.386094313332688621e-01
1.611883316735753524e-01
1.828983010345608395e-01
2.035626019400400832e-01
2.229970536015708216e-01
2.410128769925175551e-01
2.574199334338723166e-01
2.720302856538798220e-01
2.846619947597738287e-01
2.951430497912068129e-01
3.033153258039025246e-01
3.090384510354975967e-01
3.121934659233038811e-01
3.126861605057176807e-01
3.104499851929390930e-01
3.054484392797112702e-01
2.976768689075044994e-01
2.871636131333606401e-01
2.739704650806889519e-01
2.581924376516059327e-01
2.399568445243008274e-01
2.194217290476985771e-01
1.967736901812615624e-01
1.722251681296497194e-01
1.460112662487861868e-01
1.183861920436462128e-01
8.961940307174433296e-02
5.999154787320516713e-02
2.979028328273698387e-02
-6.939489833293552290e-04
-3.117210779997927478e-02
-6.136062946382680322e-02
-9.098533020348481548e-02
-1.197850719942825243e-01
-1.475151376683558335e-01
-1.739502644840967005e-01
-1.988872882653615060e-01
-2.221473581068433845e-01
-2.435776867590346006e-01
-2.630528080634424448e-01
-2.804753223438373744e-01
-2.957761200873270102e-01
-3.089140832122082014e-01
-3.198752771004865769e-01
-3.286716583482999221e-01
-3.353393359510782878e-01
-3.399364366394369008e-01
-3.425406329341671441e-01
-3.432464010370603336e-01
-3.421620999317423473e-01
-3.394069227533978439e-01
-3.351078265169841752e-01
-3.293965106385045027e-01
-3.224065175173812525e-01
-3.142705220632188712e-01
-3.051178680501471230e-01
-2.950723989306180406e-01
-2.842506174768059113e-01
-2.727601973247122391e-01
-2.606988578723449246e-01
-2.481536070030267715e-01
-2.352003402309435498e-01
-2.219037809386083249e-01
-2.083177402322715643e-01
-1.944856701401176113e-01
-1.804414776505583462e-01
-1.662105681509920552e-01
-1.518110848128161883e-01
-1.372553099855250147e-01
-1.225511938454813127e-01
-1.077039768976012502e-01
-9.271787231145937891e-02
-7.759777373619201890e-02
-6.235095413078283605e-02
-4.698871997278306067e-02
-3.152798463093759579e-02
-1.599272364839945601e-02
-4.152738802962394060e-04
1.516256150387823576e-02
3.068863956962323766e-02
4.609987155659264757e-02
6.132191667544246994e-02
7.626920410650264714e-02
9.084530510992896990e-02
1.049436735051950398e-01
1.184487520301584912e-01
1.312374476038110638e-01
1.431809601678092625e-01
1.541469318129160271e-01
1.640018793348743120e-01
1.726138676707743569e-01
1.798553531785792026e-01
1.856061298627120770e-01
1.897563125814281937e-01
1.922092650197967656e-01
1.928843947811907655e-01
1.917197414217158002e-01
1.886742715271231552e-01
1.837298181139000730e-01
1.768926030174482744e-01
1.681942881340186546e-01
1.576925271026892172e-01
1.454709908975903854e-01
1.316388526683106019e-01
1.163297475809348530e-01
9.970022311313858632e-02
8.192770046553560226e-02
6.320800097383005856e-02
4.375249148996399051e-02
2.378488732199640979e-02
3.537798399766162866e-03
-1.675091300664185295e-02
-3.684190153152208658e-02
-5.649814337476340154e-02
-7.548870814160055231e-02
-9.359241792521048875e-02
-1.106013147439929706e-01
-1.263238691909837619e-01
-1.405878573285204713e-01
-1.532428426825260537e-01
-1.641622166931423765e-01
-1.732447445438692613e-01
-1.804155847760939291e-01
-1.856267692204669750e-01
-1.888571297305100261e-01
-1.901116778368779625e-01
-1.894204708098062295e-01
-1.868369948130590708e-01
-1.824361093803690270e-01
-1.763116280700216809e-01
-1.685736076191237942e-01
-1.593454046766550336e-01
-1.487606022040829090e-01
-1.369598938406790256e-01
-1.240879837225170035e-01
-1.102906100292275482e-01
-9.571173903057551835e-02
-8.049100754357967069e-02
-6.476145850677068883e-02
-4.864760919013531859e-02
-3.226389173296050766e-02
-1.571345804897080270e-02
9.126167116489032095e-04
1.753575779559074510e-02
3.408995480075147078e-02
5.052147693777923887e-02
6.678828141275482133e-02
8.285914706156705112e-02
9.871256237939984857e-02
1.143354152287813091e-01
1.297215210337888669e-01
1.448700255478082011e-01
1.597837232762086834e-01
1.744673257784170040e-01
1.889257137551209886e-01
2.031622072541929558e-01
2.171768833451488967e-01
2.309649720671234918e-01
2.445153614277391918e-01
2.578092390130877765e-01
2.708189005963261842e-01
2.835067550523295288e-01
2.958245540359676906e-01
3.077128752159459801e-01
3.191008850906290606e-01
3.299064050581934637e-01
3.400363014616299973e-01
3.493872139436420832e-01
3.578466278793212552e-01
3.652942914790247575e-01
3.716039675403733367e-01
3.766454975232246261e-01
3.802871472701402911e-01
3.823981910180094812e-01
3.828516894087153899e-01
3.815273796897750702e-01
3.783146380693896971e-01
3.731154192466915598e-01
3.658471081862437746e-01
3.564452114440881947e-01
3.448658093284538984e-01
3.310877134777484021e-01
3.151142653882050282e-01
2.969747321596710177e-01
2.767252691006146792e-01
2.544494111796444247e-01
2.302580927605694661e-01
2.042891932732446847e-01
1.767066013738632091e-01
1.476988290976378182e-01
1.174771934848735100e-01
8.627358289140257819e-02
5.433785239670818612e-02
2.193487825141428316e-02
-1.065869478734195186e-02
-4.315796519184386670e-02
-7.527350084734191205e-02
-1.067152323157639915e-01
-1.371964544923438278e-01
-1.664378696624139176e-01
-1.941716099414668995e-01
-2.201451588850681929e-01
-2.441250849319583083e-01
-2.659005128908196181e-01
-2.852862377945769579e-01
-3.021253969293788422e-01
-3.162916296552144568e-01
-3.276906450673410798e-01
-3.362611550743476174e-01
-3.419751320556961849e-01
-3.448373668892066868e-01
-3.448843568257562442e-01
-3.421825350015311185e-01
-3.368258926438010836e-01
-3.289330947580458853e-01
-3.186441547901769922e-01
-3.061167754823945208e-01
-2.915225156420021557e-01
-2.750428140414824529e-01
-2.568650915373880683e-01
-2.371789710377689431e-01
-2.161727421952517880e-01
-1.940301713708461329e-01
-1.709277012380436278e-01
-1.470321223017812540e-01
-1.224987342136328872e-01
-9.747002025558232363e-02
-7.207484899729826866e-02
-4.642815241074664534e-02
-2.063109956344845106e-02
5.228303920854524695e-03
3.107423566955353975e-02
5.684173508263398039e-02
8.247511076890268189e-02
1.079261366307164294e-01
1.331520935934602523e-01
1.581137214066896945e-01
1.827731421025932113e-01
2.070918112108963427e-01
2.310285551002096149e-01
2.545377482251795498e-01
2.775676793296660283e-01
3.000591553785826870e-01
3.219443859573739575e-01
3.431461845391234333e-01
3.635775180225457315e-01
3.831414329579131972e-01
4.017313641855697059e-01
4.192318490637947370e-01
4.355196230873700780e-01
4.504650955998205641e-01
4.639341693730645866e-01
4.757903658216574572e-01
4.858972028166242407e-01
4.941207613542113464e-01
5.003323699560144888e-01
5.044113296751681075e-01
5.062475960888080939e-01
5.057443356916566657e-01
5.028202853030492303e-01
4.974118384116756886e-01
4.894747978087490292e-01
4.789857530765336269e-01
4.659430485020795154e-01
4.503673217719602606e-01
4.323016222068113978e-01
4.118111277330825382e-01
3.889824794609917369e-01
3.639227938210450319e-01
3.367583932706763039e-01
3.076333203371093283e-01
2.767076883837736312e-01
2.441559312688645345e-01
2.101650018223216454e-01
1.749325613450897487e-01
1.386651986959899774e-01
1.015766990182059848e-01
6.388637238594568890e-02
2.581745012185222496e-02
-1.240446493037993154e-02
-5.055291030773155503e-02
-8.840205386763191897e-02
-1.257281868653615242e-01
-1.623112436568908135e-01
-1.979363632144905683e-01
-2.323955044156380267e-01
-2.654891205474860238e-01
-2.970278835780150173e-01
-3.268344387031362763e-01
-3.547451654332287041e-01
-3.806119016085430795e-01
-4.043035812796567097e-01
-4.257077366267804086e-01
-4.447318051941937522e-01
-4.613041826299860704e-01
-4.753749703656574566e-01
-4.869163726936902581e-01
-4.959227041258152946e-01
-5.024099871468287182e-01
-5.064151356447710306e-01
-5.079947256274826017e-01
-5.072233833107823164e-01
-5.041918327407829414e-01
-4.990046561175789375e-01
-4.917778266605538628e-01
-4.826360926893920045e-01
-4.717102992479020318e-01
-4.591347099250051023e-01
-4.450444247131631892e-01
-4.295729540908366784e-01
-4.128500222399565378e-01
-3.949996516499509336e-01
-3.761385730684936868e-01
-3.563750012755169116e-01
-3.358077792731672950e-01
-3.145259217222488579e-01
-2.926085425574778687e-01
-2.701251554478775185e-01
-2.471363312521462074e-01
-2.236946836568944885e-01
-1.998461456765009969e-01
-1.756314980014833105e-01
-1.510881091865295955e-01
-1.262518350030580327e-01
-1.011590267927713338e-01
-7.584859604105237407e-02
-5.036407794836040425e-02
-2.475563442338019060e-02
9.180636263447089496e-04
2.658813425732443891e-02
5.217402528633413583e-02
7.758235684771881691e-02
1.027061204803730310e-01
1.274242870312630171e-01
1.516018672998046823e-01
1.750904563741170206e-01
1.977292864317838628e-01
2.193467960457981814e-01
2.397627054621058740e-01
2.587905690342318654e-01
2.762407695783801742e-01
2.919238853635953701e-01
3.056543475807972365e-01
3.172543003097927916e-01
3.265575550936101745e-01
3.334135193305984846e-01
3.376909813565064922e-01
3.392816396023312087e-01
3.381032549911557328e-01
3.341023295668926751e-01
3.272562294849410414e-01
3.175746785356156621e-01
3.051005809672142077e-01
2.899101596392468783e-01
2.721123992622190291e-01
2.518478216678926018e-01
2.292866521693672777e-01
2.046264066423811034e-01
1.780890031035873844e-01
1.499174588018133969e-01
1.203722655470449848e-01
8.972753298894491081e-02
5.826697672569798592e-02
2.627983901376405168e-02
-5.943186189211943464e-03
-3.811395574585480645e-02
-6.995074463253089792e-02
-1.011819222147323505e-01
-1.315493869116240999e-01
-1.608117142757378715e-01
-1.887469731046828303e-01
-2.151551791361882293e-01
-2.398603416595689319e-01
-2.627120794776108825e-01
-2.835867818569984267e-01
-3.023882904153262219e-01
-3.190480958979832193e-01
-3.335250510834284476e-01
-3.458045996590106697e-01
-3.558975494102502579e-01
-3.638384254031241660e-01
-3.696834322631494807e-01
-3.735080927229600389e-01
-3.754046268751145554e-01
-3.754791270486687038e-01
-3.738486180586724772e-01
-3.706380754757143681e-01
-3.659774685127616944e-01
-3.599989104852477362e-01
-3.528339734151753060e-01
-3.446112254122385976e-01
-3.354540425564044304e-01
-3.254787209712262652e-01
-3.147929233837064023e-01
-3.034944747315633240e-01
-2.916705007916431391e-01
-2.793969156302695822e-01
-2.667382449187847282e-01
-2.537477576355993136e-01
-2.404678916607994876e-01
-2.269309462017982948e-01
-2.131600065562629931e-01
-1.991700772207950776e-01
-1.849693921308901423e-01
-1.705608696077319242e-01
-1.559436843483028856e-01
-1.411149249659345850e-01
-1.260713067828545253e-01
