-2.999999999999999889e-01
-2.878423350371773770e-01
-2.741629787001537144e-01
-2.591654379358045435e-01
-2.430640954374219953e-01
-2.260806125414392131e-01
-2.084401864364930912e-01
-1.903679319130038572e-01
-1.720852562592549984e-01
-1.538064103423971429e-01
-1.357352483461975179e-01
-1.180622534175557181e-01
-1.009618742643178801e-01
-8.459023316739766596e-02
-6.908323601134752634e-02
-5.455512073934566664e-02
-4.109746688510165780e-02
-2.877868857365640035e-02
-1.764401426437745696e-02
-7.715952126757769092e-03
1.004768283792551158e-03
8.537806239149080961e-03
1.492140113005091355e-02
2.021019133939671100e-02
2.447271373603608288e-02
2.778864640776190428e-02
3.024586352688330218e-02
3.193737920921695811e-02
3.295825484904561786e-02
3.340254943816355071e-02
3.336039178264346011e-02
3.291524840485395009e-02
3.214145572076958224e-02
3.110208024908988830e-02
2.984715735589830304e-02
2.841235216891445023e-02
2.681807631803959091e-02
2.506907978859458305e-02
2.315452589914909765e-02
2.104854522806477030e-02
1.871125114457640459e-02
1.609019005606751943e-02
1.312218742474781548e-02
9.735540574166857281e-03
5.852501410880866194e-03
1.391984396579803258e-03
-3.727570570635357471e-03
-9.585249933223276980e-03
-1.625471040302489331e-02
-2.380128861551354322e-02
-3.227924826113558188e-02
-4.172923297824142341e-02
-5.217598851449543190e-02
-6.362640564388241660e-02
-7.606793478430438904e-02
-8.946740949926479392e-02
-1.037703073833598499e-01
-1.189004673666310685e-01
-1.347602727449392634e-01
-1.512312985570820056e-01
-1.681754153803597107e-01
-1.854363307515080606e-01
-2.028415417822977684e-01
-2.202046652300982676e-01
-2.373281022629114279e-01
-2.540059920205343102e-01
-2.700273989344448844e-01
-2.851796736174930791e-01
-2.992519226869972959e-01
-3.120385192899358673e-01
-3.233425801054209403e-01
-3.329793396149013929e-01
-3.407793475718960408e-01
-3.465914187313417494e-01
-3.502852697891831735e-01
-3.517537852174832946e-01
-3.509148606604382548e-01
-3.477127881527356523e-01
-3.421191559281195338e-01
-3.341332494269743103e-01
-3.237819560143956887e-01
-3.111191888839363595e-01
-2.962248591218263893e-01
-2.792034363250515683e-01
-2.601821450535814484e-01
-2.393088540101131478e-01
-2.167497176755906474e-01
-1.926866309573720126e-01
-1.673145570028123919e-01
-1.408387836932728787e-01
-1.134721567031340278e-01
-8.543233568746205764e-02
-5.693910924591370076e-02
-2.821179821730023310e-02
5.332289009048422207e-04
2.908490957627461043e-02
5.723969528150773395e-02
8.480359879998475292e-02
1.115940675677956212e-01
1.374416679197620339e-01
1.621915628108822893e-01
1.857047622761507366e-01
2.078591253824398910e-01
2.285500893230143216e-01
2.476911021219497799e-01
2.652137375738573000e-01
2.810674755101922329e-01
2.952191371147473986e-01
3.076519760007336846e-01
3.183644342236176539e-01
3.273685864632898679e-01
3.346883086937249008e-01
3.403572199961524269e-01
3.444164606983987631e-01
3.469123749886051655e-01
3.478941764666180214e-01
3.474116796199653856e-01
3.455131794675558865e-01
3.422435579159801011e-01
3.376426914848865146e-01
3.317442180404038821e-01
3.245747128975389750e-01
3.161533089571986199e-01
3.064917766721073633e-01
2.955950633362646185e-01
2.834622739272628089e-01
2.700880589147685584e-01
2.554643630172789281e-01
2.395824741083224518e-01
2.224353024042193538e-01
2.040198140647450920e-01
1.843395379624950536e-01
1.634070647367218410e-01
1.412464616649009297e-01
1.178955239948261124e-01
9.340779354305060733e-02
6.785428151715580669e-02
4.132483957213518161e-02
1.392913220504193167e-02
-1.420282638066151792e-02
-4.292059992347834613e-02
-7.205375615430438530e-02
-1.014127693302655925e-01
-1.307904390048072463e-01
-1.599637982409203851e-01
-1.886964937273453713e-01
-2.167416138527389902e-01
-2.438449187480180580e-01
-2.697484253013396338e-01
-2.941942782584620053e-01
-3.169288293842889015e-01
-3.377068379901925765e-01
-3.562956947813370467e-01
-3.724795610559653025e-01
-3.860633141948634495e-01
-3.968761903946289582e-01
-4.047750197142487849e-01
-4.096469545199172835e-01
-4.114116098484337236e-01
-4.100225530758878079e-01
-4.054680939709733312e-01
-3.977713574835295973e-01
-3.869896443641582251e-01
-3.732131109479496778e-01
-3.565628123640986469e-01
-3.371881875286333319e-01
-3.152640818803945089e-01
-2.909873858488811749e-01
-2.645734248672269029e-01
-2.362521869918200179e-01
-2.062645051196437262e-01
-1.748582895326145081e-01
-1.422848937582946449e-01
-1.087956910961947743e-01
-7.463891598862459897e-02
-4.005681384862547212e-02
-5.283134764483939788e-03
2.945904149510651313e-02
6.395911446514740417e-02
9.802043150067799027e-02
1.314614337252570375e-01
1.641164872584708057e-01
1.958364248684283659e-01
2.264888235623615520e-01
2.559580312999997220e-01
2.841449641575890528e-01
3.109666900176853988e-01
3.363558091119414062e-01
3.602596477858345247e-01
3.826392746345081974e-01
4.034683524221616135e-01
4.227318433244485196e-01
4.404245831801957278e-01
4.565497507354093765e-01
4.711172598709764126e-01
4.841421048922294745e-01
4.956427009434824504e-01
5.056392594542320484e-01
5.141522386645086540e-01
5.212009188130893866e-01
5.268021415260696338e-01
5.309692501817083743e-01
5.337112687216856166e-01
5.350323444908685611e-01
5.349314660296863311e-01
5.334024716309422320e-01
5.304343401057831642e-01
5.260117516984841313e-01
5.201158962016537712e-01
5.127254984920606162e-01
5.038180233707914013e-01
4.933710218601070618e-01
4.813635609286533446e-01
4.677777150818434038e-01
4.526000596859812153e-01
4.358231338352743789e-01
4.174468443597776357e-01
3.974797765546181361e-01
3.759403984618348016e-01
3.528581429889317556e-01
3.282743555670481483e-01
3.022431100832639328e-01
2.748318908405308902e-01
2.461221331842526616e-01
2.162096302756789656e-01
1.852048046955939997e-01
1.532328272318644879e-01
1.204335866667937266e-01
8.696148340925456688e-02
5.298503496806243607e-02
1.868626668008320502e-02
-1.574013721493371099e-02
-5.008794513194951559e-02
-8.414078056461589405e-02
-1.176738270308481937e-01
-1.504558524219183624e-01
-1.822515479082532641e-01
-2.128241751323235453e-01
-2.419384959011466885e-01
-2.693639351344359056e-01
-2.948779353125009495e-01
-3.182694261485377041e-01
-3.393423187961688847e-01
-3.579189461311343967e-01
-3.738433438547449361e-01
-3.869842645126492786e-01
-3.972378362168847432e-01
-4.045297681350243368e-01
-4.088170191892917527e-01
-4.100888768293382003e-01
-4.083673859166399023e-01
-4.037071099668264051e-01
-3.961942362111975924e-01
-3.859450206193975053e-01
-3.731036320737677880e-01
-3.578394664087125032e-01
-3.403439862656453263e-01
-3.208272001350271907e-01
-2.995138458903713885e-01
-2.766394398121890252e-01
-2.524462239341139780e-01
-2.271791709239552315e-01
-2.010821009768811174e-01
-1.743940153344843980e-01
-1.473457154468283403e-01
-1.201567678131644779e-01
-9.303288127552558628e-02
-6.616371218419636602e-02
-3.972115753784376951e-02
-1.385813160362200924e-02
1.129215695318172563e-02
3.561642267138814127e-02
5.902104118901577157e-02
8.143132345600379018e-02
1.027903513100776045e-01
1.230574286112800925e-01
1.422061953066167117e-01
1.602224556308571302e-01
1.771018014857741740e-01
1.928471022250892730e-01
2.074659319795611190e-01
2.209680302539790420e-01
2.333628731029203651e-01
2.446574328231297668e-01
2.548542116423900827e-01
2.639496078558769554e-01
2.719326795631536453e-01
2.787843517229610657e-01
2.844770832051718434e-01
2.889750264068780550e-01
2.922346654171900648e-01
2.942058980273964952e-01
2.948335503915281430e-01
2.940592520333531468e-01
2.918235958767783078e-01
2.880685325140230346e-01
2.827398932278507027e-01
2.757899544019105642e-01
2.671799724940646104e-01
2.568825892300111158e-01
2.448840407265140129e-01
2.311861062357619123e-01
2.158077336803653767e-01
1.987863170084083753e-01
1.801785878284985210e-01
1.600611061046042227e-01
1.385303642115796041e-01
1.157024969826727923e-01
9.171261553532879252e-02
6.671381200294643210e-02
4.087581165747666834e-02
1.438335756201217577e-02
-1.256568516564548696e-02
-3.976246398750910016e-02
-6.698947920374147269e-02
-9.402312021637132533e-02
-1.206363542123066734e-01
-1.466015519299987968e-01
-1.716934143126487011e-01
-1.956919683048900238e-01
-2.183855902373479374e-01
-2.395740159089780330e-01
-2.590712866157132699e-01
-2.767085744002830139e-01
-2.923368318448414938e-01
-3.058292053859233417e-01
-3.170831501604126634e-01
-3.260221923120690812e-01
-3.325972856793014687e-01
-3.367877169233310375e-01
-3.386015310705089987e-01
-3.380754488371315314e-01
-3.352742688861203302e-01
-3.302897670610251968e-01
-3.232391022770342293e-01
-3.142627633462393155e-01
-3.035221068877667627e-01
-2.911965352948497898e-01
-2.774803713379755399e-01
-2.625795157715407613e-01
-2.467079265597311999e-01
-2.300840346921461665e-01
-2.129271298964783010e-01
-1.954538132029336184e-01
-1.778745727479872085e-01
-1.603905469074186352e-01
-1.431905386598899266e-01
-1.264483277777381509e-01
-1.103203350213842610e-01
-9.494367426298001844e-02
-8.043462936532688734e-02
-6.688757944858091109e-02
-5.437439476971445140e-02
-4.294431046710903838e-02
-3.262427542007396986e-02
-2.341976952609348475e-02
-1.531607041606167924e-02
-8.279934754851784456e-03
-2.261653813610547611e-03
2.802559588978559106e-03
6.987920060457579810e-03
1.037821292607841311e-02
1.306280707598497272e-02
1.513360738489121643e-02
1.668202635164009115e-02
1.779605044232404620e-02
1.855747146246521442e-02
1.903935646905777213e-02
1.930381792494440321e-02
1.940013772838499601e-02
1.936329607297850725e-02
1.921293957175022188e-02
1.895281219132695372e-02
1.857066589971182596e-02
1.803865349298546319e-02
1.731419124387438904e-02
1.634126779802592619e-02
1.505217282819376612e-02
1.336959707139393980e-02
1.120905097583957226e-02
8.481541781980019359e-03
5.096445038162580529e-03
9.644938999376912857e-04
-3.999187470896362236e-03
-9.872079902150669023e-03
-1.672137127869662010e-02
-2.460123694876061723e-02
-3.355036309049300863e-02
-4.358977493634834388e-02
-5.472102297253237518e-02
-6.692476932108519516e-02
-8.015980718528395443e-02
-9.436254167517252323e-02
-1.094469422994926999e-01
-1.253049705922834600e-01
-1.418074774539261895e-01
-1.588055589840397797e-01
-1.761323449904426963e-01
-1.936051845144866612e-01
-2.110282001757501913e-01
-2.281951553821051915e-01
-2.448925923057274079e-01
-2.609031773355157680e-01
-2.760091952081439315e-01
-2.899961243302824898e-01
-3.026562256111762772e-01
-3.137920661626694696e-01
-3.232199145974365972e-01
-3.307729286548423131e-01
-3.363040678621591062e-01
-3.396886702679038916e-01
-3.408266325689989773e-01
-3.396441478629425026e-01
-3.360949695009567972e-01
-3.301611705344406067e-01
-3.218533930191002090e-01
-3.112105948826677793e-01
-2.982993080855567691e-01
-2.832124366137208638e-01
-2.660676409522946262e-01
-2.470053587495882885e-01
-2.261865092783045261e-01
-2.037899496164594648e-01
-1.800097405436280051e-01
-1.550522773732526116e-01
-1.291333440701141200e-01
-1.024751413438990399e-01
-7.530333043005579818e-02
-4.784413515705927822e-02
-2.032153541027247740e-02
7.045419975904750054e-03
3.404515372162097986e-02
6.047592747665030133e-02
8.614801522704372549e-02
1.108856568517804508e-01
1.345287657075395216e-01
1.569343651742227674e-01
1.779777260520653548e-01
1.975531780496618817e-01
2.155745721148060179e-01
2.319753717756180278e-01
2.467083605370055666e-01
2.597449621737001890e-01
2.710741761757166080e-01
2.807011482449950912e-01
2.886454115803886444e-01
2.949388374910332788e-01
2.996233548427277849e-01
3.027485169550239164e-01
3.043689765634536859e-01
3.045419713940914486e-01
3.033248957400419554e-01
3.007730478470238555e-01
2.969376352219157966e-01
2.918641062257064656e-01
2.855908727858844087e-01
2.781484690630052214e-01
2.695591766086373742e-01
2.598371277887698838e-01
2.489888860497708745e-01
2.370144797816244320e-01
2.239088499969563162e-01
2.096636715882735091e-01
1.942694580466532428e-01
1.777179119842155763e-01
1.600044160646245384e-01
1.411305896327315346e-01
1.211068340438734153e-01
9.995477450497876337e-02
7.770952921445969941e-02
5.442173059510274635e-02
3.015923414313376183e-02
5.008465247675449733e-03
-2.092465237801377498e-02
-4.751421678220865003e-02
-7.461433968024025476e-02
-1.020596401922576890e-01
-1.296662381161319544e-01
-1.572332405699477520e-01
-1.845447218072823747e-01
-2.113721636410074711e-01
-2.374773163739295756e-01
-2.626154465409591410e-01
-2.865389070847889630e-01
-3.090009529197799698e-01
-3.297597339494443003e-01
-3.485823715301918369e-01
-3.652490118478632919e-01
-3.795567650905806723e-01
-3.913234217911853441e-01
-4.003908368832239106e-01
-4.066278956586127369e-01
-4.099329663457289552e-01
-4.102357687256379948e-01
-4.074986145285894867e-01
-4.017169674760711628e-01
-3.929193269236304631e-01
-3.811664547285920635e-01
-3.665499523407309557e-01
-3.491902686938815892e-01
