-1.192092896618035525e-08
-3.777886361339133359e-05
-7.815917157766305579e-05
-1.117769669645163333e-04
-1.356300137435040298e-04
-1.501877866573742004e-04
-1.574003209187102570e-04
-1.595403211770984875e-04
-1.585716417225047081e-04
-1.557110105513959120e-04
-1.515447827041271900e-04
-1.464027398346140485e-04
-1.402043390590773653e-04
-1.331254819343929974e-04
-1.255286087905697900e-04
-1.179285715438155302e-04
-1.111271584550987956e-04
-1.059207434696562977e-04
-1.030620909068524771e-04
-1.030081238037605651e-04
-1.057553523914622762e-04
-1.108717309594442479e-04
-1.174128544649821748e-04
-1.246319565241793548e-04
-1.313004913889859182e-04
-1.365685516112602471e-04
-1.395902839713691890e-04
-1.401959453340984041e-04
-1.385416668785444116e-04
-1.353371179965701110e-04
-1.310217674484470685e-04
-1.264637720672090460e-04
-1.223483577366679675e-04
-1.190846081631224962e-04
-1.167807105716400784e-04
-1.154220798438299056e-04
-1.147729868716806934e-04
-1.144966195630869876e-04
-1.142976587547583911e-04
-1.146283251665103364e-04
-1.154170393733999767e-04
-1.173435484100315840e-04
-1.216289934694581021e-04
-1.288757123508177393e-04
-1.402830284754075230e-04
-1.561575711200302585e-04
-1.767200534528723388e-04
-2.016541710729291559e-04
-2.303415145585296919e-04
-2.611356499221950678e-04
-2.925383965057815061e-04
-3.227765807200244641e-04
-3.504635295060731792e-04
-3.739042987993823619e-04
-3.919448959042864944e-04
-4.042537060337664245e-04
-4.107818144034047769e-04
-4.113716813331121103e-04
-4.069857351485031693e-04
-3.976083987305562006e-04
-3.842818553128346526e-04
-3.672198891562783452e-04
-3.466560594245216009e-04
-3.227450683516708274e-04
-2.953093603001999412e-04
-2.641866634734146846e-04
-2.296269377933257694e-04
-1.914418922250860078e-04
-1.501111141479216649e-04
-1.064854917552093827e-04
-6.138504130107080847e-05
-1.612348912327643546e-05
2.812500742704893142e-05
6.980605402218120759e-05
1.079906804762331696e-04
1.417596318697977864e-04
1.704714404517915227e-04
1.943020815085572117e-04
2.133527496995246686e-04
2.283231564507715028e-04
2.401081652670944422e-04
2.495774612109591395e-04
2.573660148114109703e-04
2.643034657459075731e-04
2.705138011160346245e-04
2.762188279085697751e-04
2.806813267540730905e-04
2.836978302129811169e-04
2.846156410859501662e-04
2.828846850596589135e-04
2.782908397254701960e-04
2.702684936820021200e-04
2.596230213259831388e-04
2.469640426901453800e-04
2.333266497054342636e-04
2.199060284837073276e-04
2.079129946538360585e-04
1.983373973737656559e-04
1.924604904087190427e-04
1.901109014510460327e-04
1.915945618232717251e-04
1.957930882624109303e-04
2.019064263974190698e-04
2.089220868415411769e-04
2.150482603964082307e-04
2.195899767394871027e-04
2.212850507568864256e-04
2.192671771282239668e-04
2.138522710925933046e-04
2.054021442484121884e-04
1.940836153039027234e-04
1.815962305999063719e-04
1.677008384184386358e-04
1.535278079989876865e-04
1.395260283766353027e-04
1.257762508417026304e-04
1.121097667644566087e-04
9.762645388500246213e-05
8.178665076974400705e-05
6.355143153735642869e-05
4.240572968139399990e-05
1.811187412015247133e-05
-9.923487866048130712e-06
-4.070257521082698560e-05
-7.337965048398453760e-05
-1.068033732837259109e-04
-1.394243539660777742e-04
-1.698696231311469518e-04
-1.967023660420230691e-04
-2.189885204429420362e-04
-2.369199944551314552e-04
-2.505694738284547363e-04
-2.605318038872150854e-04
-2.685268824419440037e-04
-2.758837473840758392e-04
-2.843590762247327763e-04
-2.959699842463164865e-04
-3.109338203809430823e-04
-3.301561953260936932e-04
-3.536615794170888671e-04
-3.811172294602739596e-04
-4.116779978789383843e-04
-4.439429733813574086e-04
-4.768083126302780084e-04
-5.093398526017645089e-04
-5.406944735876356711e-04
-5.709168136735498500e-04
-5.994733278860964187e-04
-6.268393006978456583e-04
-6.537120512006555639e-04
-6.805309466483555614e-04
-7.077420576685755638e-04
-7.351946919766649824e-04
-7.623431100163835517e-04
-7.886103792153487113e-04
-8.123359438370891805e-04
-8.319733362753822803e-04
-8.459916369643605272e-04
-8.525472241839582299e-04
-8.509123211746238979e-04
-8.401548074027376245e-04
-8.205292082099080453e-04
-7.926751528936071267e-04
-7.580485152303972907e-04
-7.184060304820938381e-04
-6.755276995259740236e-04
-6.310584243348349442e-04
-5.864604823486163632e-04
-5.425846080735485799e-04
-4.999001682156056781e-04
-4.579698662705578016e-04
-4.166429957012107721e-04
-3.748705999170598435e-04
-3.324074438672552922e-04
-2.888512816860699939e-04
-2.446555018931206860e-04
-2.004871784219430797e-04
-1.574028157358964286e-04
-1.171636297005451688e-04
-8.112404371560244520e-05
-5.010407560263052673e-05
-2.564717803804628105e-05
-7.037312272403783986e-06
6.168921167878926859e-06
1.544314372178834383e-05
2.298877504033208785e-05
3.027795276276321057e-05
3.955303710445959298e-05
5.268560797371674154e-05
7.021463143253720007e-05
9.287882925113066790e-05
1.195086008860118953e-04
1.489113665640307005e-04
1.796787273184441425e-04
2.102489032339560637e-04
2.386780599995808050e-04
2.637105916069859557e-04
2.842004034868672591e-04
2.998235257223036410e-04
3.109522389387886498e-04
3.178155458997133920e-04
3.210445698073605136e-04
3.216251276268455861e-04
3.203176055535106315e-04
3.181427607424902604e-04
3.158030678652723466e-04
3.140144978930614617e-04
3.133662805162307219e-04
3.143917639102378203e-04
3.175064389321635705e-04
3.225009114228571949e-04
3.301619728539040288e-04
3.395751325818707755e-04
3.515748716321209777e-04
3.645290282304203267e-04
3.790189470431332142e-04
3.928102495638421954e-04
4.062221551428832692e-04
4.185917677411027382e-04
4.280404074120808255e-04
4.348461919815166388e-04
4.374649459193968859e-04
4.355578254823522233e-04
4.291723700503291550e-04
4.168913315289735078e-04
3.988589038474987802e-04
3.741453373642955604e-04
3.428687667713647969e-04
3.050069762400853257e-04
2.603617143380754229e-04
2.096250285852918616e-04
1.535467142461111045e-04
9.329125133711313467e-05
3.084787267834676605e-05
-3.235129797282687569e-05
-9.427937933503827139e-05
-1.527028671358676704e-04
-2.058694434235730508e-04
-2.524142850209021294e-04
-2.913404874016201074e-04
-3.225544897215437690e-04
-3.461096952316611297e-04
-3.627891283074502482e-04
-3.735758780280540314e-04
-3.795910501082910837e-04
-3.820496911689508224e-04
-3.816502334828553167e-04
-3.787948460161338904e-04
-3.738238169477825501e-04
-3.667314157042023126e-04
-3.573300646861621299e-04
-3.457405659979262413e-04
-3.323129966735227647e-04
-3.178510278003809919e-04
-3.031541861383824088e-04
-2.897468502285893699e-04
-2.790512793608979081e-04
-2.725789036956416389e-04
-2.712896699199329742e-04
-2.758004073328407246e-04
-2.862669773568277121e-04
-3.012729832613525449e-04
-3.199308522669336297e-04
-3.407532772016011458e-04
-3.613417496790491401e-04
-3.808177062772852284e-04
-3.970507255607845509e-04
-4.097422112067997113e-04
-4.194798784157294236e-04
-4.254147561292276336e-04
-4.300277879109859480e-04
-4.331452163459370563e-04
-4.367916880405608993e-04
-4.431863732467788974e-04
-4.508919934978206090e-04
-4.619479720214259011e-04
-4.743862061500347949e-04
-4.883610226608658955e-04
-5.032414229049764209e-04
-5.168898878039618339e-04
-5.290190535653938042e-04
-5.384555652008238269e-04
-5.455769830404189058e-04
-5.512419041255878227e-04
-5.559461347666716513e-04
-5.618385554764793177e-04
-5.703186754121292168e-04
-5.828844624931606155e-04
-6.006192521941788875e-04
-6.245804516074593415e-04
-6.542708253377549354e-04
-6.890929900644215955e-04
-7.273590286127062932e-04
-7.666844891769941661e-04
-8.053579421655188142e-04
-8.404260600899382538e-04
-8.715334899157267667e-04
-8.964922597981817010e-04
-9.139339844524418943e-04
-9.259341328726466980e-04
-9.313157936610139132e-04
-9.329974768714499600e-04
-9.315167141693905806e-04
-9.270691873230832436e-04
-9.224312696433784042e-04
-9.162665876460696079e-04
-9.099830412947346181e-04
-9.022744293497864110e-04
-8.915101699052963014e-04
-8.776951807840105424e-04
-8.589259586321007500e-04
-8.357262030377343720e-04
-8.071404854927965999e-04
-7.735802855968199054e-04
-7.376856518883090352e-04
-6.999620500097725184e-04
-6.636542589387728341e-04
-6.302049549798405259e-04
-6.015711262807310611e-04
-5.789848669331965070e-04
-5.630489115741044159e-04
-5.533205687529019201e-04
-5.486856111936999625e-04
-5.473089085664684106e-04
-5.471383311551614170e-04
-5.465093859969849532e-04
-5.435286499221314571e-04
-5.373177563600672890e-04
-5.277247500226622812e-04
-5.148490526055149452e-04
-4.995909189191016786e-04
-4.832253668771158139e-04
-4.667051279142464537e-04
-4.512232162908191846e-04
-4.364495197434759000e-04
-4.221070238469848412e-04
-4.073597292330588537e-04
-3.901286367969936109e-04
-3.688135779658652247e-04
-3.411998158059925679e-04
-3.060088058328691574e-04
-2.628857753745328374e-04
-2.113526486841876828e-04
-1.532688223128131355e-04
-8.941398870929151421e-05
-2.285973341026314998e-05
4.310802456260198756e-05
1.073519048912230378e-04
1.661566954664905893e-04
2.198516575452544308e-04
2.668624396366531260e-04
3.064746457740255559e-04
3.407717710400132161e-04
3.691847653249369365e-04
3.947821759553438170e-04
4.170992172660981101e-04
4.358392572117175678e-04
4.519485959585400892e-04
4.634129869846570493e-04
4.703522667453552408e-04
4.706935856519378625e-04
4.627147147970300800e-04
4.467582997984553828e-04
4.218331355760329693e-04
3.894962389325851149e-04
3.504974001639071801e-04
3.063141973598249024e-04
2.599292029554223227e-04
2.128421646273026546e-04
1.671791137539679895e-04
1.237014535500069456e-04
8.310297420788259615e-05
4.522004101814580679e-05
9.382313187811242017e-06
-2.566287090366436985e-05
-6.066243428304307628e-05
-9.585476989976138285e-05
-1.317971527660111164e-04
-1.673633649544314927e-04
-2.022796020907380310e-04
-2.347003580724926763e-04
-2.623277052903327800e-04
-2.852061503031411149e-04
-3.012241333070209137e-04
-3.120216412043630427e-04
-3.176345666187907479e-04
-3.185658590638684728e-04
-3.183956254190767332e-04
-3.176034599688681848e-04
-3.196994486332760399e-04
-3.251804132940183667e-04
-3.335118314416463114e-04
-3.459210603241058557e-04
-3.594896282278457755e-04
-3.738293875825693391e-04
-3.858835731099935495e-04
-3.924929566362089783e-04
-3.931145212891229423e-04
-3.851309320386797630e-04
-3.693392103383541514e-04
-3.452962414447202644e-04
-3.139053039405426127e-04
-2.775583682139703967e-04
-2.378434698584452889e-04
-1.971301446134221536e-04
-1.565218340535690089e-04
-1.169082027285273107e-04
-7.906579743816033456e-05
-4.204657055245641928e-05
-5.704305002407483727e-06
3.115255168961716947e-05
6.980974586773269763e-05
1.102312328596921631e-04
1.527586513935808021e-04
1.965547183417348798e-04
2.409061710447746307e-04
2.846013674128733406e-04
3.264021217383450413e-04
3.655054470504959241e-04
4.017211918531105042e-04
4.353209484316278299e-04
4.676379581418088627e-04
4.999024847993638332e-04
5.339755669486745404e-04
5.714672602522563594e-04
6.132516944151733540e-04
6.600954402944392285e-04
7.114458699867820535e-04
7.666328271528355387e-04
8.237443025204127522e-04
8.800594110234816192e-04
9.351148339594994585e-04
9.863976674159558033e-04
1.032729110228391978e-03
1.072733935120584459e-03
1.105013728821629959e-03
1.131986129101814065e-03
1.152470833466354150e-03
1.166328182746090292e-03
1.173460118089685034e-03
1.171479283967276352e-03
1.163739724494891603e-03
1.147760566072825172e-03
1.122803447681092193e-03
1.088505113473164920e-03
1.042822104833807106e-03
9.899684563727806363e-04
9.285836833588523298e-04
8.601985454263494368e-04
7.862183250696430648e-04
7.066790908089592982e-04
6.255428622614078726e-04
5.427764368796106353e-04
4.584771546085053551e-04
3.740441540608929749e-04
2.884240231103007979e-04
2.024537344053056742e-04
1.156611459463552372e-04
2.795799422489197994e-05
-6.004999824910095541e-05
-1.467732599633730928e-04
-2.319253646334007435e-04
-3.140521803483564689e-04
-3.913848517025364515e-04
-4.625700264875298728e-04
-5.264302935992226651e-04
-5.840046858324732248e-04
-6.354391292970607008e-04
-6.810900593431645778e-04
-7.228943494934081393e-04
-7.605550303244335009e-04
-7.980718390458024780e-04
-8.341449119481647578e-04
-8.696392487047427400e-04
-9.028793126256845492e-04
-9.323720352826456170e-04
-9.587708776194990568e-04
-9.795952858078632586e-04
-9.934544439659798165e-04
-1.000440701187987891e-03
-9.992537547985486102e-04
-9.923791818013116828e-04
-9.805084457526341835e-04
-9.647422115972581480e-04
-9.465327177443916273e-04
-9.259677849779435199e-04
-9.046654076654836452e-04
-8.815387115550243902e-04
-8.557544520928772602e-04
-8.266408238111755402e-04
-7.928773274684108863e-04
-7.542463367163909638e-04
-7.104727405652377925e-04
-6.625798615525202440e-04
-6.117615988084634804e-04
-5.590378904740955779e-04
-5.057730054322528979e-04
-4.518830748262703256e-04
-3.953077321925679843e-04
-3.332229394609753648e-04
