-5.960464483090177623e-09
-3.006924817255951510e-05
-6.666532078236642178e-05
-9.759108550172479468e-05
-1.163951715674182985e-04
-1.213492708773689088e-04
-1.142786330037559583e-04
-9.911314688132444317e-05
-8.082594874361803683e-05
-6.421664633229906549e-05
-5.301421951467433225e-05
-4.969803353457868944e-05
-5.499063143893367922e-05
-6.829266404104195054e-05
-8.798479911617529403e-05
-1.118908023522990902e-04
-1.376605431018251835e-04
-1.634458708951458394e-04
-1.878165570428080855e-04
-2.099876579200188331e-04
-2.299003567197838160e-04
-2.475807618137343402e-04
-2.633405475552241803e-04
-2.773640025073575988e-04
-2.894982697111206371e-04
-2.991071727675015390e-04
-3.052429870768653963e-04
-3.068618052035863852e-04
-3.026497555458640409e-04
-2.917454647029930383e-04
-2.734733459894512705e-04
-2.477999607115172198e-04
-2.152320919137674926e-04
-1.769054747902173291e-04
-1.341383000974215312e-04
-8.845161494517791989e-05
-4.136282793693046855e-05
5.948277493554587902e-06
5.270052648633644088e-05
9.853640229046112253e-05
1.433853320081460159e-04
1.874973561924453413e-04
2.309970144935211134e-04
2.741048924733563430e-04
3.167023515833061742e-04
3.582441547406167714e-04
3.978719506419203800e-04
4.345929339910348244e-04
4.673318454990332826e-04
4.950392390783431296e-04
5.169719826359775450e-04
5.326587243563440932e-04
5.424717256850841718e-04
5.469195236482427003e-04
5.467140045300744600e-04
5.430199599272267363e-04
5.371506879727760975e-04
5.297792662830869137e-04
5.217344647585608897e-04
5.131587951006100212e-04
5.041038712098322438e-04
4.943194789612526119e-04
4.829071467964407560e-04
4.696648359996391520e-04
4.535990397813438602e-04
4.342868381061182337e-04
4.114325789834338831e-04
3.849540070047785534e-04
3.547628498166699451e-04
3.214478388419428345e-04
2.852671954096386298e-04
2.467322794520582230e-04
2.067105942111097105e-04
1.656740475699802762e-04
1.246684444659237889e-04
8.418914130370672155e-05
4.472226314282054527e-05
7.344181484424117112e-06
-2.780484754447143381e-05
-5.968442189273337473e-05
-8.832974608896648760e-05
-1.133816034008250373e-04
-1.342239236059583618e-04
-1.509821130845356851e-04
-1.630960695114813674e-04
-1.706931271513445481e-04
-1.732333382234996222e-04
-1.707738391011348611e-04
-1.632572553400546411e-04
-1.506806924449488605e-04
-1.329061106273288217e-04
-1.103303221050566663e-04
-8.338313496741855957e-05
-5.252528416949120427e-05
-1.852319314055161925e-05
1.788832301896636778e-05
5.561346061555560993e-05
9.378698240958271981e-05
1.315803350881994405e-04
1.679719978505689326e-04
2.025213363265887523e-04
2.346669493200059797e-04
2.638812569481507886e-04
2.903721546839710399e-04
3.136638799456636928e-04
3.342122405970426868e-04
3.519455098108525970e-04
3.668199421006934635e-04
3.792711352984534656e-04
3.894237083990337300e-04
3.972962361322440739e-04
4.036990622469927015e-04
4.077653905972533632e-04
4.101256802723080019e-04
4.107945396501083701e-04
4.102196467185102030e-04
4.085684165701097825e-04
4.059061383906714671e-04
4.027205887268403561e-04
3.996833106956476644e-04
3.972970051560470450e-04
3.966888796618078805e-04
3.980398224755765657e-04
4.028156065135624075e-04
4.111240467232213369e-04
4.237624127312045186e-04
4.413089790791802081e-04
4.629753614151521646e-04
4.884059660612838361e-04
5.165981370010008789e-04
5.462549561232599160e-04
5.758097284638830082e-04
6.032782758016996816e-04
6.274927668316609974e-04
6.468738381769645329e-04
6.604159074900528559e-04
6.681229395704701979e-04
6.691561286500391503e-04
6.643057091519910529e-04
6.540185984748592141e-04
6.386231096583427913e-04
6.190861299616434721e-04
5.955504776580244908e-04
5.686792588561195849e-04
5.384211328834931365e-04
5.049270399722916025e-04
4.680854803268408304e-04
4.284434283195470705e-04
3.858405594335256872e-04
3.410457708388214826e-04
2.942953233824874282e-04
2.459072991128352648e-04
1.972114618161713295e-04
1.483555125690316778e-04
9.933116606097858181e-05
5.055217331396966163e-05
1.033001911329711753e-06
-4.840794011935767305e-05
-9.845534852548007421e-05
-1.497448993363278968e-04
-2.016899686552442450e-04
-2.548982720868148144e-04
-3.069012342981902730e-04
-3.574156652236815113e-04
-4.041980971640213305e-04
-4.462356183672078203e-04
-4.805719448084944112e-04
-5.056932126616398016e-04
-5.204676561489374187e-04
-5.238369745722559756e-04
-5.156483207846007666e-04
-4.958205951940408696e-04
-4.651967620145081028e-04
-4.251149389863373429e-04
-3.773449902944037149e-04
-3.237048032858624858e-04
-2.659430074687940682e-04
-2.061547122489959527e-04
-1.463353578706749758e-04
-8.832886764059688645e-05
-3.362203436146904423e-05
1.596219582278290972e-05
5.909295386508084391e-05
9.461641498154094165e-05
1.219367681263294756e-04
1.408587738809807810e-04
1.509213337793080534e-04
1.524545005741062553e-04
1.461896700411524641e-04
1.332031180471537901e-04
1.145792217325247719e-04
9.135224010692333252e-05
6.516982229237688884e-05
3.756283714226316128e-05
1.018126950477760140e-05
-1.524481360393181717e-05
-3.720163264520071067e-05
-5.393835621582410145e-05
-6.383985904664934985e-05
-6.530760053181927649e-05
-5.724449136811082806e-05
-3.897833624008639752e-05
-1.005441812539434321e-05
2.924488750110851298e-05
7.874483739410409466e-05
1.375106572326333099e-04
2.038846554918427589e-04
2.768393652443912334e-04
3.545825766267662882e-04
4.361659207818002759e-04
5.201963320799474211e-04
6.051215710722590568e-04
6.904658968284738130e-04
7.744391641793246794e-04
8.574407891462354492e-04
9.373636041871968860e-04
1.014618489801277779e-03
1.087765576898491737e-03
1.155669462145070270e-03
1.218337714635697733e-03
1.274291502049329505e-03
1.323157237579031253e-03
1.364274046310398614e-03
1.396394472538087239e-03
1.419744139028344954e-03
1.433513943470743346e-03
1.438292770881144378e-03
1.433848420646921529e-03
1.420557123315235870e-03
1.399233941131505787e-03
1.370222714902447070e-03
1.334713431099865399e-03
1.293571979330387922e-03
1.247648541447210491e-03
1.197500659761319142e-03
1.143817777991995577e-03
1.087154537756263029e-03
1.027757182436861427e-03
9.667321602853107265e-04
9.031515878723528346e-04
8.384669523653909273e-04
7.724180114034862044e-04
7.061247657332292427e-04
6.413219324734875659e-04
5.773147417937884995e-04
5.171265533933100400e-04
4.595054145089955133e-04
4.060013554765540267e-04
3.586026348176493683e-04
3.152469789189718541e-04
2.772046949286316453e-04
2.429650175374692411e-04
2.129484775178491773e-04
1.875106557454320200e-04
1.649746564958420869e-04
1.467389382827366529e-04
1.320363949960379202e-04
1.224883857541825272e-04
1.190125934668606611e-04
1.213683041713098376e-04
1.309063542585531259e-04
1.469304204602672748e-04
1.692710610885495015e-04
1.965838136914199730e-04
2.266481561344346751e-04
2.577438138751664276e-04
2.869585559362453075e-04
3.122097870412177123e-04
3.313132724255263284e-04
3.431994602036136932e-04
3.471203926644905735e-04
3.437418312002282761e-04
3.337171064275445964e-04
3.185905279844414295e-04
3.011178894966048958e-04
2.826279768565198580e-04
2.658026278286873545e-04
2.517529601521462101e-04
2.411484538818176038e-04
2.353680500808974507e-04
2.341396927428851527e-04
2.373578765536010771e-04
2.444779757922177499e-04
2.549108112617770594e-04
2.693017892020088677e-04
2.868161945015490488e-04
3.087848480601979029e-04
3.357017316851229616e-04
3.675587974345251308e-04
4.066046711343196396e-04
4.520322625706368891e-04
5.047431270361613098e-04
5.639777352705733875e-04
6.282794362994711945e-04
6.962438485334163096e-04
7.651691540015159720e-04
8.330380519207258860e-04
8.970778637051035620e-04
9.539316464000913154e-04
1.002897519685519434e-03
1.041057658974914313e-03
1.068878483736213081e-03
1.085752207573398298e-03
1.091621567607115040e-03
1.088824153903211744e-03
1.077661374032146124e-03
1.060516647944431678e-03
1.038387292156550679e-03
1.012209273127673281e-03
9.830261851387356309e-04
9.509765533978198349e-04
9.167442936238723306e-04
8.796460772052538957e-04
8.403070149543001577e-04
7.981916708547087680e-04
7.540785542274330844e-04
7.085919823590081101e-04
6.626671201389044974e-04
6.181419263122656105e-04
5.760779180377095798e-04
5.388698205904263183e-04
5.060407795896004757e-04
4.787850654167369324e-04
4.581076311457044081e-04
4.421015794487115347e-04
4.303523738011238997e-04
4.219354852298962122e-04
4.139828123446154251e-04
4.068645042836216419e-04
3.976632635706300878e-04
3.874790586257878533e-04
3.771711997286909812e-04
3.667028208416064916e-04
3.592201147068208034e-04
3.548419367245814193e-04
3.571214633797392679e-04
3.678512004642864319e-04
3.873635299688205080e-04
4.170000271624396682e-04
4.556627156653281219e-04
5.030152093367379340e-04
5.575892253323055936e-04
6.169200720626821788e-04
6.791594059879502154e-04
7.421608524596501333e-04
8.038537243139631805e-04
8.625441388508958696e-04
9.168306596632203043e-04
9.654534194806496661e-04
1.007958322791407957e-03
1.043275989747294297e-03
1.070597687776897455e-03
1.089560890333740595e-03
1.098911580158790091e-03
1.098736773064268313e-03
1.087705226622187604e-03
1.064694400607912872e-03
1.029930428688333177e-03
9.821955605313625881e-04
9.223911733853076833e-04
8.503078700609206786e-04
7.670795567938856752e-04
6.744352595431934994e-04
5.740536952813443672e-04
4.688283510802700171e-04
3.611631875953535964e-04
2.539778866132123836e-04
1.503956885539571228e-04
5.288670480558047005e-05
-3.608910114897959966e-05
-1.150390785626973032e-04
-1.826600622524430714e-04
-2.379922939621560707e-04
-2.811047241475534558e-04
-3.119719299874163659e-04
-3.311888051501059305e-04
-3.392597334452365776e-04
-3.367971317177788360e-04
-3.246012525240302149e-04
-3.027506111416139456e-04
-2.722089698276447534e-04
-2.342482784863583745e-04
-1.894469862617348399e-04
-1.396376634788809579e-04
-8.598403242132679480e-05
-3.097024113433988202e-05
2.286406390733519700e-05
7.370668626563436909e-05
1.190816673987404872e-04
1.578162470272925777e-04
1.882468843521500901e-04
2.093786721882873181e-04
2.219106992854269489e-04
2.256921672449396787e-04
2.218407310069780980e-04
2.115982443614550235e-04
1.956797667188592271e-04
1.758312741765577503e-04
1.526157037899655844e-04
1.269105855022378826e-04
9.966092572161189267e-05
7.139453137278151118e-05
4.264589526642437178e-05
1.454573315712304193e-05
-1.314388482082096132e-05
-3.920130511608777013e-05
-6.229118845124670401e-05
-8.315613040688063506e-05
-1.000599571747279315e-04
-1.142907017271169168e-04
-1.241601292901045595e-04
-1.295136654315878072e-04
-1.319600468623477463e-04
-1.301991833381616059e-04
-1.262230555000576349e-04
-1.189737603454199544e-04
-1.083174434612088621e-04
-9.677170180541483369e-05
-8.190931084858799061e-05
-6.622577959430886452e-05
-4.951270021330556048e-05
-3.118684220543288532e-05
-1.226688326294578246e-05
8.050884801491520193e-06
2.881588438263804619e-05
5.157487582618802691e-05
7.535652521406532856e-05
1.009963755921328143e-04
1.291292804739274658e-04
1.598559151991252314e-04
1.924597272270345272e-04
2.273470931720145138e-04
2.632642846763233457e-04
2.993217730637987017e-04
3.341811655038218198e-04
3.654387952113924420e-04
3.934206280819529944e-04
4.160899162580222743e-04
4.320819226956706949e-04
4.411124027964286043e-04
4.416491147577750187e-04
4.366112460337523427e-04
4.255589136384907434e-04
4.095623713110119191e-04
3.901190239618407274e-04
3.672064044458744902e-04
3.445600878645982412e-04
3.219710028708813732e-04
3.003147896421740071e-04
2.804737931616264890e-04
2.613982806915389479e-04
2.456906265662917033e-04
2.326583863101194805e-04
2.224305409137608547e-04
2.156267534298150768e-04
2.116605453630210354e-04
2.126334248349209810e-04
2.175948181939030279e-04
2.262168770247041660e-04
2.381566451836458764e-04
2.519023368791339923e-04
2.674673463377852389e-04
2.828817785490156389e-04
2.964150317460167994e-04
3.068657259803486692e-04
3.126711061955944615e-04
3.137648097463197061e-04
3.095114314121683030e-04
2.996900596601848044e-04
2.850293309188400848e-04
2.648541350796507210e-04
2.412903669114507821e-04
2.141502494909519605e-04
1.838946081886838613e-04
1.504876855367709432e-04
1.140403452556948416e-04
7.516707896015883961e-05
3.364688584367447888e-05
-1.012984559772833748e-05
-5.621126013855004544e-05
-1.038981936680172247e-04
-1.529954383728271416e-04
-2.032403166523089055e-04
-2.533612635721715911e-04
-3.028917294296551432e-04
-3.493414212041856537e-04
-3.944227345921980099e-04
-4.352951558642681462e-04
-4.713029551007830165e-04
-5.016197748000938983e-04
-5.240213694419626478e-04
-5.423693560899639499e-04
-5.549726657837900090e-04
-5.634300417257376292e-04
-5.682893159131702232e-04
-5.681477948731306071e-04
-5.667152073420833602e-04
-5.594923832598075464e-04
-5.434866390814918624e-04
-5.131079421970552445e-04
