-1.192092896618035525e-08
-4.454620352395410876e-05
-1.025675282130822374e-04
-1.590178908674744207e-04
-2.083143712505175493e-04
-2.499810974981309109e-04
-2.861048942551236429e-04
-3.189868948438312479e-04
-3.508894573316378995e-04
-3.828765294435765298e-04
-4.153762535039629000e-04
-4.480289115732505323e-04
-4.799609219713896202e-04
-5.101410313024246079e-04
-5.376538807157493771e-04
-5.615292602754173856e-04
-5.811550285808597671e-04
-5.962316741294215738e-04
-6.064983982288496556e-04
-6.119954835310248420e-04
-6.126187998660159728e-04
-6.086722387666498868e-04
-6.000910630988842698e-04
-5.869962582992216404e-04
-5.694270613686436278e-04
-5.474828563868938680e-04
-5.210115222618605380e-04
-4.902388941950275303e-04
-4.552509024062789678e-04
-4.165008543666193219e-04
-3.745557320253556366e-04
-3.297794542949372687e-04
-2.830785575986538571e-04
-2.353444275411953335e-04
-1.872937073702438115e-04
-1.398964451588893820e-04
-9.329683534150395863e-05
-4.815990574846829020e-05
-4.470506096448945144e-06
3.773946535390315660e-05
7.859285649314262656e-05
1.185302260707232769e-04
1.575897858828723130e-04
1.957413143959252366e-04
2.327334511459944189e-04
2.678312514469149974e-04
3.004573108745245413e-04
3.295373574073168221e-04
3.539199033054107879e-04
3.729652438408948001e-04
3.859234239581565973e-04
3.924744674781988074e-04
3.925677447561559674e-04
3.870233035915271458e-04
3.760615025849567417e-04
3.610767239737855405e-04
3.426786442572993252e-04
3.215999836067018336e-04
2.983845061582668379e-04
2.734209731831693801e-04
2.467305321703916476e-04
2.181572372536577653e-04
1.878313859636215888e-04
1.559982539753868025e-04
1.229114988691160093e-04
8.950152334591399139e-05
5.642759022034260497e-05
2.551117369847810679e-05
-2.276662075417767994e-06
-2.545468211151424853e-05
-4.310508760441145171e-05
-5.469763706333896636e-05
-5.992195661036481269e-05
-5.935698560011193337e-05
-5.340063246478399250e-05
-4.349229284295041964e-05
-3.071316959374348343e-05
-1.602461814587119449e-05
-6.186872167079915386e-07
1.526919971608919901e-05
3.113496032866591712e-05
4.708419438209654473e-05
6.367524389488954384e-05
8.131438827668757696e-05
1.008056163684795115e-04
1.224004953946852825e-04
1.466531851091051886e-04
1.731742889453311007e-04
2.014539638227411111e-04
2.308138782531887756e-04
2.598343950487441711e-04
2.874648282810837729e-04
3.118586012971213961e-04
3.318314055928694994e-04
3.461123996884030163e-04
3.538872164530471043e-04
3.548404954154260604e-04
3.488866141377333641e-04
3.364280417977316695e-04
3.182805154826051641e-04
2.953870937582037115e-04
2.687094954151869608e-04
2.392373754052101731e-04
2.077129678706435278e-04
1.745350112860588609e-04
1.401159176286914665e-04
1.043950783455871445e-04
6.746904007198795128e-05
2.930330424827376490e-05
-9.836859772904826826e-06
-4.990874056959304639e-05
-8.947872832265613141e-05
-1.285486660830836847e-04
-1.657460137180488680e-04
-1.998869605002173699e-04
-2.297999651760251894e-04
-2.545534199836496647e-04
-2.737811008850371541e-04
-2.872745319772856964e-04
-2.949442360935389251e-04
-2.971877255637973836e-04
-2.945084563670749556e-04
-2.884975514136009500e-04
-2.796968466393032204e-04
-2.693258318417490749e-04
-2.580896868484422457e-04
-2.461569268549790301e-04
-2.345240418206995248e-04
-2.230402757069649411e-04
-2.113706343092047746e-04
-1.988091192640928373e-04
-1.846420935938120067e-04
-1.688638706318079663e-04
-1.506122557535238826e-04
-1.294791396374006531e-04
-1.056562051008347325e-04
-7.941753790563499393e-05
-5.188420699869800146e-05
-2.414129794520158967e-05
2.671032355072711084e-06
2.652338615743987660e-05
4.652395436605116785e-05
6.131798451719516763e-05
7.007188999824665032e-05
7.281251975965741252e-05
6.957148332065177243e-05
6.065183357067960301e-05
4.754199166195904880e-05
3.097221272302386197e-05
1.192047943188168091e-05
-8.508367497883639885e-06
-3.040131793208278310e-05
-5.296861343936920541e-05
-7.664628791986816125e-05
-1.016654982396725249e-04
-1.281931703513983223e-04
-1.567659882011074313e-04
-1.869586648100551862e-04
-2.183975787111713807e-04
-2.505398451648210845e-04
-2.822865709131983092e-04
-3.130942704385880626e-04
-3.414979261199269089e-04
-3.673297661407753933e-04
-3.902382308972190961e-04
-4.109397684476309709e-04
-4.294755784806925103e-04
-4.471724151325420782e-04
-4.648792193833427289e-04
-4.834913962416739763e-04
-5.035060963720083826e-04
-5.245843645503463215e-04
-5.461572005026893439e-04
-5.672698260605207876e-04
-5.863510702322771717e-04
-6.020333519469456274e-04
-6.125314098516521089e-04
-6.167711174245166239e-04
-6.139573015081500884e-04
-6.038906679909084030e-04
-5.869495414159431323e-04
-5.635944600628217671e-04
-5.349729950429038539e-04
-5.022222379857388397e-04
-4.666220169800006090e-04
-4.291150842822555322e-04
-3.906872011199824524e-04
-3.519711331540220645e-04
-3.134153308705645014e-04
-2.752687303307632671e-04
-2.376530088416262121e-04
-2.006644233476240213e-04
-1.642613416512062052e-04
-1.285619266229165447e-04
-9.377384049250037101e-05
-6.026236960748887483e-05
-2.847299630513722146e-05
9.345064949095593931e-07
2.765518984743087216e-05
5.106838143809078190e-05
7.119776399658328536e-05
8.730245451899279474e-05
9.974288447685622505e-05
1.089164191699146245e-04
1.154816243006673293e-04
1.201000811234392840e-04
1.234792439585297164e-04
1.265280548615327350e-04
1.297207269695538345e-04
1.340604202222928087e-04
1.397222651379759206e-04
1.468794263148887058e-04
1.554507911410707433e-04
1.650452567746596433e-04
1.757600572800943617e-04
1.867769602581226263e-04
1.981044632918538273e-04
2.091119771173988173e-04
2.196041585317831668e-04
2.290833729760854975e-04
2.380303577138587201e-04
2.460022305001696719e-04
2.535684749313815711e-04
2.613203008382525283e-04
2.692785580173107096e-04
2.785192547952175524e-04
2.889093210010629242e-04
3.012485961844391102e-04
3.161120741608097751e-04
3.323841323694259886e-04
3.506554458660299245e-04
3.695817430922204716e-04
3.888737795059230007e-04
4.080784443305889020e-04
4.254679498996356314e-04
4.410860693639384600e-04
4.538616611030332759e-04
4.637528195465118186e-04
4.709168392761226007e-04
4.744713203713724070e-04
4.751372905174022776e-04
4.722152795167827710e-04
4.659282107603024414e-04
4.563457096276590796e-04
4.424028807390179008e-04
4.246836618703730970e-04
4.020337834260423460e-04
3.745099389768913323e-04
3.429342560986037292e-04
3.068581106720758012e-04
2.674182648211009816e-04
2.253824304461748973e-04
1.822228543217896402e-04
1.395086629404906908e-04
9.789712221036639406e-05
5.894145244195181377e-05
2.303570250650199824e-05
-8.969459247332167706e-06
-3.680721146570586910e-05
-6.128812010913753383e-05
-8.179719430240206535e-05
-9.928752717031086306e-05
-1.138728927473908747e-04
-1.257439032432694503e-04
-1.348488464978925272e-04
-1.410216856953527831e-04
-1.440352693241608861e-04
-1.433933395523223631e-04
-1.392722814098634743e-04
-1.312505225955495902e-04
-1.200463166248777469e-04
-1.059589050328990645e-04
-8.987342606270320999e-05
-7.345772014283324935e-05
-5.709558133842884686e-05
-4.236531347351357724e-05
-2.958700900446142867e-05
-1.986429490391516950e-05
-1.354467915831714109e-05
-9.720205606633669504e-06
-8.444793510448134199e-06
-8.096771350218912033e-06
-8.150925069116965460e-06
-8.670373978281187277e-06
-7.204017896000891596e-06
-4.995443959251999466e-06
-3.412202185387736009e-07
5.841008183599116776e-06
1.223189878235553252e-05
2.023559500261007393e-05
2.738526748283232060e-05
3.474414907900236216e-05
4.142278100624507964e-05
4.697549527238331635e-05
5.231613386810773925e-05
5.702142238228624649e-05
6.259481269232924916e-05
6.890038431134337671e-05
7.593693032631465556e-05
8.441606318260186370e-05
9.363704372489234373e-05
1.034344955123112086e-04
1.128918426353542337e-04
1.209169932134823711e-04
1.267015249581393554e-04
1.294758750282620774e-04
1.281750020859506733e-04
1.223795382837011836e-04
1.119218175627545442e-04
9.636796776957279320e-05
7.655022014474432979e-05
5.184867486168753814e-05
2.295805463828348714e-05
-8.868522766436459648e-06
-4.461977515826665019e-05
-8.231187189372546342e-05
-1.227661845327188139e-04
-1.649691837256606064e-04
-2.075781436133294910e-04
-2.511924383077901446e-04
-2.937401220808738556e-04
-3.360160406518201970e-04
-3.762612227306803836e-04
-4.132888398763918947e-04
-4.475970687789834757e-04
-4.781187776442541448e-04
-5.039211333369153500e-04
-5.257615405500626338e-04
-5.424137947644680491e-04
-5.552778211891373772e-04
-5.634994199019971450e-04
-5.665438721109417042e-04
-5.654822511998447432e-04
-5.590074817811152563e-04
-5.483172795746615868e-04
-5.323288920980884242e-04
-5.104745871583049599e-04
-4.837779636298056296e-04
-4.517686793548691959e-04
-4.156308820267295978e-04
-3.759094582389543859e-04
-3.327257171037989458e-04
-2.885336077905198415e-04
-2.431410937017708385e-04
-1.983798677346326755e-04
-1.545950501970483337e-04
-1.121316359009583152e-04
-7.186874485221039777e-05
-3.332908108799603752e-05
3.234688203845870191e-06
3.784660550554264091e-05
7.054422562613460457e-05
1.010211700069874041e-04
1.285916205471249185e-04
1.530909709733241364e-04
1.736979733624743893e-04
1.893542235898992843e-04
2.005513259215052635e-04
2.063656557509951917e-04
2.083526928795542688e-04
2.067875420533327180e-04
2.023162671973000037e-04
1.978972013518820461e-04
1.937244460142317770e-04
1.929877149399739089e-04
1.959282883098045769e-04
2.028564882171901562e-04
2.162748697723260172e-04
2.340954539435946558e-04
2.581607684759013033e-04
2.863369741166292559e-04
3.168947993869141583e-04
3.510656558609742683e-04
3.855316292705468495e-04
4.213781160990470731e-04
4.567030632324775574e-04
4.900622425101641699e-04
5.226388567618756031e-04
5.520986869805288855e-04
5.800151341431858398e-04
6.051674865915068757e-04
6.262501818530830100e-04
6.447383488848990041e-04
6.593756257082805661e-04
6.712883556719839717e-04
6.796981207781715995e-04
6.840280481145155633e-04
6.855989206889789855e-04
6.834770072374762862e-04
6.782814012232796230e-04
6.698444533604908102e-04
6.582667600141256514e-04
6.437159351699861531e-04
6.267868247157304396e-04
6.074140472419609083e-04
5.863964146171074532e-04
5.644666019278266056e-04
5.422248574524779485e-04
5.204927976912299137e-04
4.991172844675539899e-04
4.789565200521428423e-04
4.601932442158118697e-04
4.423857495454153188e-04
4.256084170351503992e-04
4.084654866515768923e-04
3.911034226642406963e-04
3.730864914506248908e-04
3.529592553817573197e-04
3.310607712269653113e-04
3.053498278487998263e-04
2.770655831809409886e-04
2.459272287256286660e-04
2.107648383305460449e-04
1.725209728208887405e-04
1.301859108214786787e-04
8.485876067487740926e-05
3.744108366299236934e-05
-1.351708635571879924e-05
-6.479110601421284032e-05
-1.180843077948634523e-04
-1.716880940837578473e-04
-2.238827066343013206e-04
-2.748583663529369225e-04
-3.225679026092470592e-04
-3.680427180980383461e-04
-4.077680605948930115e-04
-4.440382902526907039e-04
-4.752930326975546294e-04
-5.007417206819575473e-04
-5.207910437403928672e-04
-5.338967870396338355e-04
-5.422070354092478617e-04
-5.446041093639664155e-04
-5.410861787630283359e-04
-5.318814097575730315e-04
-5.167470439517152236e-04
-4.969752885461975467e-04
-4.726272148116716920e-04
-4.446187335203632962e-04
-4.138140414676194645e-04
-3.810918754519332374e-04
-3.471404762896979079e-04
-3.130764118179918398e-04
-2.792788790114131281e-04
-2.461464040016125843e-04
-2.150315724535611928e-04
-1.840294182008928026e-04
-1.535532920530768841e-04
-1.235193394217848351e-04
-9.325602393969734116e-05
-6.439254918361170255e-05
-3.367134993526033071e-05
-2.622634641416543566e-06
2.854776994314078831e-05
5.913699829625251869e-05
8.720371598878312591e-05
1.156855568512889579e-04
1.417357824655060550e-04
1.643149816506206395e-04
1.840612714431866248e-04
1.989019582336881697e-04
2.119621196783882944e-04
2.223707959977117010e-04
2.300790615961945118e-04
2.359889831312633746e-04
2.398310181471741132e-04
2.434436106834581004e-04
2.464852232541003829e-04
2.492773968471029278e-04
2.520785666875191566e-04
2.544246749431877674e-04
2.576076789831405200e-04
2.608983464180703038e-04
2.644184410436345445e-04
2.677470826429884099e-04
2.709917734144973167e-04
2.740968473579075138e-04
2.770414071173177284e-04
2.798408221982295885e-04
2.824640052436766524e-04
2.853583708008478048e-04
2.884397432414420592e-04
2.917072316517832498e-04
2.953451846844368234e-04
2.990481175188519636e-04
3.026800823275332952e-04
3.042008055460510008e-04
3.038649195690190652e-04
3.003237686867166190e-04
2.931266746906135978e-04
2.827680487573758228e-04
2.682948435645260421e-04
2.521573596030723952e-04
2.353505756950147187e-04
2.200659352565581539e-04
2.080830831143742898e-04
1.984208490399264058e-04
1.904442222537550133e-04
1.794947995378270988e-04
1.587542713752110313e-04
