1.192092896618035525e-08
2.008504491490814559e-05
6.890220309030414825e-05
1.178662786729955947e-04
1.549970508668840896e-04
1.787382352331501334e-04
1.929979964903072442e-04
2.034358276272463240e-04
2.152762009577091629e-04
2.317506969552740603e-04
2.540004063964762526e-04
2.811743597346261225e-04
3.109322609125275694e-04
3.406039869907617756e-04
3.674404298451006134e-04
3.895733028601439107e-04
4.059923300625267739e-04
4.168585302254355918e-04
4.231072413598477300e-04
4.263403727844672364e-04
4.283913688145238145e-04
4.305910730571620160e-04
4.343134034578959718e-04
4.398671092026192053e-04
4.468562874582020228e-04
4.544331509259667834e-04
4.611543117191176100e-04
4.653519074286280310e-04
4.658556333473756750e-04
4.615954682081063742e-04
4.520117510577667530e-04
4.375715364152293896e-04
4.190889109246115352e-04
3.980587952324664280e-04
3.760579792198362470e-04
3.548961523739228852e-04
3.360604698798008716e-04
3.205458244374785604e-04
3.088106148015634655e-04
3.006750212318845539e-04
2.954424669030647488e-04
2.919193537054588783e-04
2.890093813823369634e-04
2.856115752197137259e-04
2.808678335340644358e-04
2.745761209755552112e-04
2.669241059546083490e-04
2.586657676891986057e-04
2.506502003076262197e-04
2.441489588730534621e-04
2.399432423891983968e-04
2.385762220454418214e-04
2.403510021442775701e-04
2.446054940799247124e-04
2.506272464878472883e-04
2.570865077008432920e-04
2.628647472248668571e-04
2.666966014551741537e-04
2.680895292306584299e-04
2.663933126537121332e-04
2.622443600882873316e-04
2.564564189020956952e-04
2.498113957265235552e-04
2.438585297436512977e-04
2.395013251928201914e-04
2.375904665720129927e-04
2.383591031222542789e-04
2.413998192439814616e-04
2.462479272452577916e-04
2.513743372308807622e-04
2.554769262105294203e-04
2.575335349704332977e-04
2.563165096774455698e-04
2.514960883756578447e-04
2.429704146742484028e-04
2.314905279085510692e-04
2.177706414416280545e-04
2.030996799059492375e-04
1.883520636712376906e-04
1.746893871888977046e-04
1.623742010584128259e-04
1.512268989921072837e-04
1.413854326932639793e-04
1.315856476046817214e-04
1.212330515821258281e-04
1.087734436908682767e-04
9.421519145952350627e-05
7.684660648601959743e-05
5.641801473521557142e-05
3.372459415693085383e-05
9.320199827703157247e-06
-1.522893983479933766e-05
-3.911463417358845840e-05
-6.141855955487177110e-05
-8.108637047272125586e-05
-9.794173827006730226e-05
-1.117151074387992549e-04
-1.224997851440312591e-04
-1.313521919547450123e-04
-1.384288018871360215e-04
-1.444886531985212219e-04
-1.497919001798297955e-04
-1.546475820376480570e-04
-1.588335399922702340e-04
-1.620577825302005337e-04
-1.637243363905027671e-04
-1.631529802557651898e-04
-1.594882781664197502e-04
-1.524892931505927862e-04
-1.419854350432347978e-04
-1.277633482640871954e-04
-1.105041724860367225e-04
-9.044426471183086846e-05
-6.858378097135409135e-05
-4.560659785113330145e-05
-2.242662176088483506e-05
2.855007026902889322e-07
2.200858437717556626e-05
4.292105227160503134e-05
6.242787023197360341e-05
8.090751260236839215e-05
9.841122746451214098e-05
1.155348712000847655e-04
1.323663861576562795e-04
1.490250901098333358e-04
1.660464721236487584e-04
1.839818616984900679e-04
2.026437904417699443e-04
2.221416193087799584e-04
2.427765405718929070e-04
2.643757369557853121e-04
2.873090348827489482e-04
3.106964238861475991e-04
3.346441142417500014e-04
3.589195903766495555e-04
3.830926629999481525e-04
4.070065938312217302e-04
4.295563499366952809e-04
4.507338819828496379e-04
4.701980353083307085e-04
4.874959131610581697e-04
5.028140180054901931e-04
5.150475375627766583e-04
5.247029114677781436e-04
5.312445599829351828e-04
5.349317964125632763e-04
5.358235957625967494e-04
5.334691799909752064e-04
5.285384094452783010e-04
5.209474381017153988e-04
5.112333770178612014e-04
4.997512317617691657e-04
4.863839616439102898e-04
4.720955240060109581e-04
4.571311519688259217e-04
4.422622020354705086e-04
4.279948979490910688e-04
4.143452809555192573e-04
4.023645320594404495e-04
3.917850359896335455e-04
3.829125369002039925e-04
3.759573033814134213e-04
3.703920089802026361e-04
3.660633322169482007e-04
3.626155495671246065e-04
3.595617522962335499e-04
3.571153432688212170e-04
3.553196393237811890e-04
3.540219749667006255e-04
3.537552574780777892e-04
3.546383663792229690e-04
3.579680395595641329e-04
3.637435364746421929e-04
3.722870713391002173e-04
3.832450183028912605e-04
3.958452814709634282e-04
4.097942649807818916e-04
4.237414787033148833e-04
4.362689584793133513e-04
4.459888756322138992e-04
4.517358111335023629e-04
4.537258086569628812e-04
4.511475971576139887e-04
4.443475301044719217e-04
4.339324268612942959e-04
4.204177250939356014e-04
4.048542518467757034e-04
3.879107431059569677e-04
3.693060271064974032e-04
3.493881598988224368e-04
3.272114843564377651e-04
3.031161744851407214e-04
2.757527663773684523e-04
2.453197738004897488e-04
2.113598694505336439e-04
1.746218485588202363e-04
1.357586712961711406e-04
9.620630405504648763e-05
5.723029124815592894e-05
2.052750144387882614e-05
-1.291527477265130841e-05
-4.167558809753391103e-05
-6.513375176409041956e-05
-8.289751352597019007e-05
-9.508426328241892378e-05
-1.018952437525921795e-04
-1.037420170195701985e-04
-1.008643636801753729e-04
-9.347584195584790479e-05
-8.163232153801658342e-05
-6.515963168052252286e-05
-4.415500833165886263e-05
-1.797460143698748070e-05
1.292025533583540664e-05
4.905241516822700376e-05
8.933866925875388887e-05
1.338646615964833586e-04
1.807848744728723922e-04
2.282421660584343925e-04
2.754498889561696195e-04
3.196460371714393567e-04
3.602470385251632656e-04
3.955362033848941472e-04
4.239792116269291977e-04
4.465382346633406385e-04
4.621453652259577272e-04
4.729474043650983006e-04
4.790304400633799142e-04
4.805678628373305505e-04
4.801080481253022780e-04
4.766304686879413444e-04
4.722069546829882336e-04
4.655853226861045302e-04
4.558831488393061404e-04
4.442206833852047065e-04
4.287162693352997156e-04
4.101642613939526782e-04
3.880169262396870877e-04
3.618356914131259927e-04
3.335522198426588147e-04
3.026238458242458407e-04
2.709681576451572482e-04
2.389323482402949672e-04
2.067405143734157846e-04
1.756829015416849771e-04
1.444462341158581076e-04
1.141439924658427252e-04
8.372673802253816078e-05
5.260494858666531215e-05
2.082194309221963024e-05
-1.203065388355462062e-05
-4.609731729027233271e-05
-8.072131099007284760e-05
-1.152738962224564290e-04
-1.499787381964989841e-04
-1.832855501004426735e-04
-2.155644821980606807e-04
-2.457639778006281972e-04
-2.730183299465838154e-04
-2.978823094424432050e-04
-3.191129760146127481e-04
-3.371251399586494557e-04
-3.515983714428849716e-04
-3.610887750361557735e-04
-3.668603137716996976e-04
-3.672270454948001195e-04
-3.634538806586429249e-04
-3.551179573592078142e-04
-3.421568740864452951e-04
-3.268043560023803362e-04
-3.088142687421024934e-04
-2.902796086564143896e-04
-2.723481313577635898e-04
-2.552328832601258313e-04
-2.408071371880204925e-04
-2.286100258811624153e-04
-2.195206166926144675e-04
-2.125056881125964026e-04
-2.061022808579060506e-04
-2.002424595115570582e-04
-1.930145345685196911e-04
-1.841561397587510029e-04
-1.727742893525840984e-04
-1.582147789515320202e-04
-1.411344269458547629e-04
-1.216182641181617896e-04
-1.010714477411300827e-04
-7.997236990392453393e-05
-5.927848916409406144e-05
-3.937264478820479141e-05
-2.008054304553086311e-05
-1.794118904774322232e-06
1.675838026715670281e-05
3.657270443468974008e-05
5.808484085911835848e-05
8.243279402181391546e-05
1.101649105899604741e-04
1.408240575196950672e-04
1.741712931979111367e-04
2.090147823792798398e-04
2.435711754275871055e-04
2.768779108717756010e-04
3.067828670719197071e-04
3.319667753303723323e-04
3.526858433300639195e-04
3.679841945090078781e-04
3.790463767254781402e-04
3.872980843573625709e-04
3.929353214005698591e-04
3.988763187423305379e-04
4.050327153685140402e-04
4.137275590367119060e-04
4.238954656106165564e-04
4.344912165009096050e-04
4.459939999175849268e-04
4.550995311720096304e-04
4.614489035380531234e-04
4.625378450866524105e-04
4.564823090554004370e-04
4.437314441028961109e-04
4.225838959528438465e-04
3.953568403505802742e-04
3.619828850191519898e-04
3.236817261207947105e-04
2.827541460642679638e-04
2.401686985493145521e-04
1.965463041259107868e-04
1.531397573278914237e-04
1.094041552932578654e-04
6.537002506373790212e-05
2.032371159549350992e-05
-2.639469131854310646e-05
-7.503201630831846103e-05
-1.252153261008803753e-04
-1.768015949663581665e-04
-2.282417664968838800e-04
-2.771585006207666346e-04
-3.216964658092624774e-04
-3.590658722772976930e-04
-3.873856827346089382e-04
-4.042490008322741080e-04
-4.081456769484126390e-04
-3.993183692261037532e-04
-3.772283869546144697e-04
-3.436284006056167240e-04
-3.001004352506664308e-04
-2.478716524436375135e-04
-1.905505636878579434e-04
-1.294070390539386883e-04
-6.726568601468640995e-05
-5.194589020734996510e-06
5.606602871401078492e-05
1.150687980193132454e-04
1.720802379996042020e-04
2.261688967900438163e-04
2.776067251272183734e-04
3.261851286007963480e-04
3.713218064275124186e-04
4.120615394015373495e-04
4.473416553237739499e-04
4.759636071342155522e-04
4.964780780559521767e-04
5.077145028190791637e-04
5.087733242222711172e-04
4.990970742200472043e-04
4.786957632163801879e-04
4.484478914508101266e-04
4.095969189631676333e-04
3.636373848595643443e-04
3.124952971258407319e-04
2.583682947344886904e-04
2.028725856662375038e-04
1.473977530792730528e-04
9.328562398550760415e-05
4.058396822044854635e-05
-9.839155448120723291e-06
-5.835416547505037355e-05
-1.048115010298666938e-04
-1.493324101124078596e-04
-1.921254767971464911e-04
-2.322698539910499765e-04
-2.695227123867358771e-04
-3.028200572766641830e-04
-3.315348639322509075e-04
-3.544698290610694136e-04
-3.707443332010146309e-04
-3.805915210567598073e-04
-3.832989005821199613e-04
-3.797155319751749358e-04
-3.694547504864767462e-04
-3.539508968603416461e-04
-3.342866698420599025e-04
-3.103461261612927569e-04
-2.837772070244382050e-04
-2.538298070661748618e-04
-2.215313708573418694e-04
-1.873472378239593450e-04
-1.501677329048545229e-04
-1.112222265838291868e-04
-6.989815472357996384e-05
-2.744269365914653314e-05
1.550210040052180105e-05
5.823604796811876483e-05
9.865248243834390252e-05
1.362790434357719072e-04
1.693444953300704547e-04
1.961426080824835161e-04
2.165840445311761897e-04
2.293067577553431491e-04
2.346045850454836490e-04
2.318505145668114942e-04
2.213100693982394951e-04
2.034168343231224085e-04
1.782238584182027630e-04
1.458363014968933058e-04
1.064601532020370556e-04
6.047655135321683417e-05
7.395481948113680204e-06
-5.169051615616648832e-05
-1.168419639523410325e-04
-1.869950830538646969e-04
-2.597524194788425334e-04
-3.346206751142499769e-04
-4.087864878418723258e-04
-4.818766583783440360e-04
-5.486015240325770037e-04
-6.104457948878094786e-04
-6.644272890340696680e-04
-7.089608826146981402e-04
-7.436447757357342314e-04
-7.663051637131698679e-04
-7.792474185920328367e-04
-7.813454821051918353e-04
-7.727825978158936460e-04
-7.541408357500667403e-04
-7.253789610395799947e-04
-6.893728762380479935e-04
-6.466953060431657185e-04
-5.985892042138507563e-04
-5.468630505992555513e-04
-4.923391962142475986e-04
-4.386631408203611748e-04
-3.864565312863832425e-04
-3.373023437230893151e-04
-2.921345499573013704e-04
-2.511490885566680653e-04
-2.153168096564184175e-04
-1.841340755766585069e-04
-1.569829801262301316e-04
-1.333914098739508169e-04
-1.125672373477604182e-04
-9.385979126907972869e-05
-7.722433162604680490e-05
-6.199809030954517297e-05
-4.886670138704030109e-05
-3.810165182921432248e-05
-2.944794062637035026e-05
-2.327378122468637400e-05
-1.939429451258689596e-05
-1.738531253381303543e-05
-1.715884065950357140e-05
-1.644249495652561066e-05
-1.438226762248695501e-05
-1.021266867878845019e-05
-3.051970709960771799e-06
6.654815082302034668e-06
1.993098710165175369e-05
3.561459959851298596e-05
5.220425732861688761e-05
6.893616254929901821e-05
8.318598794027076693e-05
9.661827170431847023e-05
1.074435286965678971e-04
1.165620880811957250e-04
1.239312871730638421e-04
1.296464495204874279e-04
1.368148095733656699e-04
1.448103915584753043e-04
1.533007966293964408e-04
1.620257246084944036e-04
1.677605037374019226e-04
1.717667635826314321e-04
1.712994841263082435e-04
1.647390982249530289e-04
1.515310203445419113e-04
1.308152334475454204e-04
1.059924987388272122e-04
7.816758405199131232e-05
4.948185766151524945e-05
2.243678272823013131e-05
-1.523185408969229826e-06
-2.062541782904547816e-05
-3.623496908100598546e-05
-4.995482182940103044e-05
-6.462786477112736350e-05
-8.215512102965893959e-05
-1.042138560035099637e-04
-1.292194685822978251e-04
-1.509621864645982470e-04
-1.577474460178196480e-04
