1.282500028610229492e-01
1.282775700092315674e-01
1.283163726329803467e-01
1.283507049083709717e-01
1.283749341964721680e-01
1.283891797065734863e-01
1.283962577581405640e-01
1.283993571996688843e-01
1.284013092517852783e-01
1.284038424491882324e-01
1.284078061580657959e-01
1.284133642911911011e-01
1.284202039241790771e-01
1.284278035163879395e-01
1.284356713294982910e-01
1.284430176019668579e-01
1.284491419792175293e-01
1.284532248973846436e-01
1.284543573856353760e-01
1.284517347812652588e-01
1.284446567296981812e-01
1.284329593181610107e-01
1.284166723489761353e-01
1.283964067697525024e-01
1.283731460571289062e-01
1.283481121063232422e-01
1.283225715160369873e-01
1.282977461814880371e-01
1.282744854688644409e-01
1.282533407211303711e-01
1.282347887754440308e-01
1.282187998294830322e-01
1.282054483890533447e-01
1.281947642564773560e-01
1.281868219375610352e-01
1.281816959381103516e-01
1.281794905662536621e-01
1.281803250312805176e-01
1.281842291355133057e-01
1.281908303499221802e-01
1.282000541687011719e-01
1.282115727663040161e-01
1.282249093055725098e-01
1.282398998737335205e-01
1.282562315464019775e-01
1.282737404108047485e-01
1.282922476530075073e-01
1.283113807439804077e-01
1.283306330442428589e-01
1.283496022224426270e-01
1.283677071332931519e-01
1.283844113349914551e-01
1.283992528915405273e-01
1.284123510122299194e-01
1.284235268831253052e-01
1.284331977367401123e-01
1.284415870904922485e-01
1.284488141536712646e-01
1.284548938274383545e-01
1.284595727920532227e-01
1.284625232219696045e-01
1.284632384777069092e-01
1.284613609313964844e-01
1.284568458795547485e-01
1.284496635198593140e-01
1.284401416778564453e-01
1.284287720918655396e-01
1.284161210060119629e-01
1.284025907516479492e-01
1.283885836601257324e-01
1.283741146326065063e-01
1.283593922853469849e-01
1.283443272113800049e-01
1.283291727304458618e-01
1.283141821622848511e-01
1.282998919486999512e-01
1.282868683338165283e-01
1.282756924629211426e-01
1.282667517662048340e-01
1.282602846622467041e-01
1.282559931278228760e-01
1.282532811164855957e-01
1.282515972852706909e-01
1.282498538494110107e-01
1.282473057508468628e-01
1.282430887222290039e-01
1.282370537519454956e-01
1.282288879156112671e-01
1.282186210155487061e-01
1.282066255807876587e-01
1.281929910182952881e-01
1.281783580780029297e-01
1.281628906726837158e-01
1.281469464302062988e-01
1.281309574842453003e-01
1.281155049800872803e-01
1.281013041734695435e-01
1.280892938375473022e-01
1.280803829431533813e-01
1.280756741762161255e-01
1.280758976936340332e-01
1.280817687511444092e-01
1.280935108661651611e-01
1.281107664108276367e-01
1.281331777572631836e-01
1.281595677137374878e-01
1.281887888908386230e-01
1.282193362712860107e-01
1.282497644424438477e-01
1.282786577939987183e-01
1.283047646284103394e-01
1.283268630504608154e-01
1.283443123102188110e-01
1.283564716577529907e-01
1.283630430698394775e-01
1.283639669418334961e-01
1.283595114946365356e-01
1.283500343561172485e-01
1.283361315727233887e-01
1.283185631036758423e-01
1.282982677221298218e-01
1.282764673233032227e-01
1.282539963722229004e-01
1.282324790954589844e-01
1.282131075859069824e-01
1.281970888376235962e-01
1.281856596469879150e-01
1.281794905662536621e-01
1.281792372465133667e-01
1.281851381063461304e-01
1.281969547271728516e-01
1.282142400741577148e-01
1.282361447811126709e-01
1.282617896795272827e-01
1.282901912927627563e-01
1.283202320337295532e-01
1.283511668443679810e-01
1.283820420503616333e-01
1.284123063087463379e-01
1.284414827823638916e-01
1.284688711166381836e-01
1.284944713115692139e-01
1.285178065299987793e-01
1.285388022661209106e-01
1.285572499036788940e-01
1.285730600357055664e-01
1.285862028598785400e-01
1.285968869924545288e-01
1.286051869392395020e-01
1.286114603281021118e-01
1.286160647869110107e-01
1.286192536354064941e-01
1.286214441061019897e-01
1.286229342222213745e-01
1.286239326000213623e-01
1.286247372627258301e-01
1.286255121231079102e-01
1.286264210939407349e-01
1.286279261112213135e-01
1.286301314830780029e-01
1.286332607269287109e-01
1.286377459764480591e-01
1.286431699991226196e-01
1.286494433879852295e-01
1.286559104919433594e-01
1.286618560552597046e-01
1.286661922931671143e-01
1.286679208278656006e-01
1.286658495664596558e-01
1.286591738462448120e-01
1.286471635103225708e-01
1.286296248435974121e-01
1.286064088344573975e-01
1.285780370235443115e-01
1.285452097654342651e-01
1.285090595483779907e-01
1.284706741571426392e-01
1.284315437078475952e-01
1.283931434154510498e-01
1.283568590879440308e-01
1.283237785100936890e-01
1.282948255538940430e-01
1.282705068588256836e-01
1.282509565353393555e-01
1.282359063625335693e-01
1.282248198986053467e-01
1.282173693180084229e-01
1.282129585742950439e-01
1.282114088535308838e-01
1.282123327255249023e-01
1.282159537076950073e-01
1.282220184803009033e-01
1.282305717468261719e-01
1.282412409782409668e-01
1.282538175582885742e-01
1.282675564289093018e-01
1.282819658517837524e-01
1.282962560653686523e-01
1.283098459243774414e-01
1.283224225044250488e-01
1.283336579799652100e-01
1.283435523509979248e-01
1.283522546291351318e-01
1.283599883317947388e-01
1.283673346042633057e-01
1.283747702836990356e-01
1.283829212188720703e-01
1.283922791481018066e-01
1.284032464027404785e-01
1.284162998199462891e-01
1.284313499927520752e-01
1.284485161304473877e-01
1.284673064947128296e-01
1.284873634576797485e-01
1.285083293914794922e-01
1.285296231508255005e-01
1.285510659217834473e-01
1.285725533962249756e-01
1.285941451787948608e-01
1.286159455776214600e-01
1.286384016275405884e-01
1.286613941192626953e-01
1.286851763725280762e-01
1.287094950675964355e-01
1.287338435649871826e-01
1.287576854228973389e-01
1.287802308797836304e-01
1.288007348775863647e-01
1.288185566663742065e-01
1.288329511880874634e-01
1.288435161113739014e-01
1.288499683141708374e-01
1.288521587848663330e-01
1.288496702909469604e-01
1.288423240184783936e-01
1.288296580314636230e-01
1.288114935159683228e-01
1.287874877452850342e-01
1.287577748298645020e-01
1.287226378917694092e-01
1.286828368902206421e-01
1.286396235227584839e-01
1.285943984985351562e-01
1.285486519336700439e-01
1.285037398338317871e-01
1.284604668617248535e-01
1.284197568893432617e-01
1.283817142248153687e-01
1.283463388681411743e-01
1.283136755228042603e-01
1.282836496829986572e-01
1.282563954591751099e-01
1.282325387001037598e-01
1.282125562429428101e-01
1.281968504190444946e-01
1.281860172748565674e-01
1.281799525022506714e-01
1.281784027814865112e-01
1.281805932521820068e-01
1.281855404376983643e-01
1.281918883323669434e-01
1.281984299421310425e-01
1.282040029764175415e-01
1.282079815864562988e-01
1.282097995281219482e-01
1.282092630863189697e-01
1.282065808773040771e-01
1.282018721103668213e-01
1.281955242156982422e-01
1.281877458095550537e-01
1.281787902116775513e-01
1.281687617301940918e-01
1.281578242778778076e-01
1.281459331512451172e-01
1.281331628561019897e-01
1.281194835901260376e-01
1.281052529811859131e-01
1.280907243490219116e-01
1.280760467052459717e-01
1.280617415904998779e-01
1.280481070280075073e-01
1.280356049537658691e-01
1.280244737863540649e-01
1.280148029327392578e-01
1.280065476894378662e-01
1.279995888471603394e-01
1.279938369989395142e-01
1.279893219470977783e-01
1.279862374067306519e-01
1.279849410057067871e-01
1.279860883951187134e-01
1.279909759759902954e-01
1.280006170272827148e-01
1.280161142349243164e-01
1.280386000871658325e-01
1.280684471130371094e-01
1.281057596206665039e-01
1.281502246856689453e-01
1.282007098197937012e-01
1.282559633255004883e-01
1.283143013715744019e-01
1.283739805221557617e-01
1.284334659576416016e-01
1.284909844398498535e-01
1.285452991724014282e-01
1.285952776670455933e-01
1.286400407552719116e-01
1.286787092685699463e-01
1.287108659744262695e-01
1.287360191345214844e-01
1.287542730569839478e-01
1.287658214569091797e-01
1.287710070610046387e-01
1.287709623575210571e-01
1.287665218114852905e-01
1.287588477134704590e-01
1.287492066621780396e-01
1.287382692098617554e-01
1.287267953157424927e-01
1.287150233983993530e-01
1.287028640508651733e-01
1.286897808313369751e-01
1.286750882863998413e-01
1.286581605672836304e-01
1.286383271217346191e-01
1.286152899265289307e-01
1.285887658596038818e-01
1.285591870546340942e-01
1.285270750522613525e-01
1.284933388233184814e-01
1.284591108560562134e-01
1.284255236387252808e-01
1.283937692642211914e-01
1.283648610115051270e-01
1.283392608165740967e-01
1.283170878887176514e-01
1.282981932163238525e-01
1.282818466424942017e-01
1.282669454813003540e-01
1.282524019479751587e-01
1.282371133565902710e-01
1.282200813293457031e-01
1.282010972499847412e-01
1.281800866127014160e-01
1.281575113534927368e-01
1.281343996524810791e-01
1.281117200851440430e-01
1.280907988548278809e-01
1.280725598335266113e-01
1.280578672885894775e-01
1.280475109815597534e-01
1.280418187379837036e-01
1.280413568019866943e-01
1.280464529991149902e-01
1.280574798583984375e-01
1.280745118856430054e-01
1.280975490808486938e-01
1.281257867813110352e-01
1.281583160161972046e-01
1.281931996345520020e-01
1.282284259796142578e-01
1.282615363597869873e-01
1.282901167869567871e-01
1.283124536275863647e-01
1.283272951841354370e-01
1.283344775438308716e-01
1.283346116542816162e-01
1.283291429281234741e-01
1.283201426267623901e-01
1.283096969127655029e-01
1.282997280359268188e-01
1.282919049263000488e-01
1.282871812582015991e-01
1.282860487699508667e-01
1.282885670661926270e-01
1.282946169376373291e-01
1.283040940761566162e-01
1.283170282840728760e-01
1.283334344625473022e-01
1.283536255359649658e-01
1.283776015043258667e-01
1.284050941467285156e-01
1.284355074167251587e-01
1.284678727388381958e-01
1.285006105899810791e-01
1.285318881273269653e-01
1.285599321126937866e-01
1.285832673311233521e-01
1.286006569862365723e-01
1.286113262176513672e-01
1.286153197288513184e-01
1.286130547523498535e-01
1.286051273345947266e-01
1.285927891731262207e-01
1.285766959190368652e-01
1.285581141710281372e-01
1.285377591848373413e-01
1.285165846347808838e-01
1.284950971603393555e-01
1.284739375114440918e-01
1.284538209438323975e-01
1.284353137016296387e-01
1.284190565347671509e-01
1.284053921699523926e-01
1.283943951129913330e-01
1.283859312534332275e-01
1.283793598413467407e-01
1.283737421035766602e-01
1.283678114414215088e-01
1.283603161573410034e-01
1.283500492572784424e-01
1.283358037471771240e-01
1.283170431852340698e-01
1.282934099435806274e-01
1.282651126384735107e-01
1.282327920198440552e-01
1.281975060701370239e-01
1.281607002019882202e-01
1.281238943338394165e-01
1.280889660120010376e-01
1.280577331781387329e-01
1.280318200588226318e-01
1.280125230550765991e-01
1.280006617307662964e-01
1.279969215393066406e-01
1.280013769865036011e-01
1.280138790607452393e-01
1.280339956283569336e-01
1.280606836080551147e-01
1.280932724475860596e-01
1.281308531761169434e-01
1.281721889972686768e-01
1.282162666320800781e-01
1.282617002725601196e-01
1.283073723316192627e-01
1.283520758152008057e-01
1.283945888280868530e-01
1.284342706203460693e-01
1.284707188606262207e-01
1.285036057233810425e-01
1.285327523946762085e-01
1.285579949617385864e-01
1.285793185234069824e-01
1.285963207483291626e-01
1.286084204912185669e-01
1.286151260137557983e-01
1.286156922578811646e-01
1.286096870899200439e-01
1.285971701145172119e-01
1.285784393548965454e-01
1.285542994737625122e-01
1.285257935523986816e-01
1.284945011138916016e-01
1.284614056348800659e-01
1.284284591674804688e-01
1.283962875604629517e-01
1.283660680055618286e-01
1.283384710550308228e-01
1.283138692378997803e-01
1.282928884029388428e-01
1.282758861780166626e-01
1.282632797956466675e-01
1.282550394535064697e-01
1.282511353492736816e-01
1.282514333724975586e-01
1.282553076744079590e-01
1.282621324062347412e-01
1.282710134983062744e-01
1.282814592123031616e-01
1.282928138971328735e-01
1.283045411109924316e-01
1.283163428306579590e-01
1.283280104398727417e-01
1.283391565084457397e-01
1.283494085073471069e-01
1.283584535121917725e-01
1.283660680055618286e-01
1.283721774816513062e-01
1.283768415451049805e-01
1.283800601959228516e-01
1.283818334341049194e-01
1.283824443817138672e-01
1.283816695213317871e-01
1.283795088529586792e-01
1.283757984638214111e-01
1.283705979585647583e-01
1.283643394708633423e-01
1.283580511808395386e-01
1.283525824546813965e-01
1.283492147922515869e-01
1.283487528562545776e-01
1.283514797687530518e-01
1.283568143844604492e-01
1.283636093139648438e-01
1.283702105283737183e-01
1.283752173185348511e-01
1.283779293298721313e-01
1.283783465623855591e-01
1.283777952194213867e-01
1.283782273530960083e-01
