3.000000119209289551e-01
2.903500497341156006e-01
2.793690562248229980e-01
2.669152021408081055e-01
2.528608739376068115e-01
2.370952963829040527e-01
2.195280194282531738e-01
2.000927329063415527e-01
1.787512302398681641e-01
1.554968357086181641e-01
1.303575187921524048e-01
1.033982932567596436e-01
7.472200691699981689e-02
4.446977376937866211e-02
1.281949877738952637e-02
-2.001670002937316895e-02
-5.379596352577209473e-02
-8.824950456619262695e-02
-1.230879127979278564e-01
-1.580072045326232910e-01
-1.926950812339782715e-01
-2.268370389938354492e-01
-2.601224184036254883e-01
-2.922492623329162598e-01
-3.229299783706665039e-01
-3.518947362899780273e-01
-3.788952827453613281e-01
-4.037068486213684082e-01
-4.261302351951599121e-01
-4.459925293922424316e-01
-4.631481766700744629e-01
-4.774779677391052246e-01
-4.888889193534851074e-01
-4.973133802413940430e-01
-5.027079582214355469e-01
-5.050522685050964355e-01
-5.043480992317199707e-01
-5.006185770034790039e-01
-4.939075708389282227e-01
-4.842787981033325195e-01
-4.718171358108520508e-01
-4.566275477409362793e-01
-4.388355612754821777e-01
-4.185886383056640625e-01
-3.960549831390380859e-01
-3.714247345924377441e-01
-3.449084162712097168e-01
-3.167361021041870117e-01
-2.871552705764770508e-01
-2.564289569854736328e-01
-2.248313426971435547e-01
-1.926443278789520264e-01
-1.601524949073791504e-01
-1.276390254497528076e-01
-9.537982940673828125e-02
-6.363818049430847168e-02
-3.266030550003051758e-02
-2.671152353286743164e-03
2.613094449043273926e-02
5.357560515403747559e-02
7.952506840229034424e-02
1.038740277290344238e-01
1.265512406826019287e-01
1.475192159414291382e-01
1.667727977037429810e-01
1.843374669551849365e-01
2.002668976783752441e-01
2.146385908126831055e-01
2.275509238243103027e-01
2.391183972358703613e-01
2.494665235280990601e-01
2.587275207042694092e-01
2.670348584651947021e-01
2.745190858840942383e-01
2.813023626804351807e-01
2.874949276447296143e-01
2.931910753250122070e-01
2.984653115272521973e-01
3.033704459667205811e-01
3.079346716403961182e-01
3.121603131294250488e-01
3.160230219364166260e-01
3.194716274738311768e-01
3.224280476570129395e-01
3.247892558574676514e-01
3.264282941818237305e-01
3.271979093551635742e-01
3.269324004650115967e-01
3.254526853561401367e-01
3.225705325603485107e-01
3.180937469005584717e-01
3.118328154087066650e-01
3.036055564880371094e-01
2.932453155517578125e-01
2.806070446968078613e-01
2.655741274356842041e-01
2.480647265911102295e-01
2.280376255512237549e-01
2.054964900016784668e-01
1.804953366518020630e-01
1.531390845775604248e-01
1.235865354537963867e-01
9.204821288585662842e-02
5.878491699695587158e-02
2.410477399826049805e-02
-1.164361834526062012e-02
-4.807582497596740723e-02
-8.477994799613952637e-02
-1.213257014751434326e-01
-1.572721600532531738e-01
-1.921766996383666992e-01
-2.256059050559997559e-01
-2.571409940719604492e-01
-2.863894701004028320e-01
-3.129906654357910156e-01
-3.366227149963378906e-01
-3.570082783699035645e-01
-3.739185333251953125e-01
-3.871775865554809570e-01
-3.966637849807739258e-01
-4.023118019104003906e-01
-4.041123986244201660e-01
-4.021108150482177734e-01
-3.964068293571472168e-01
-3.871502876281738281e-01
-3.745380640029907227e-01
-3.588099479675292969e-01
-3.402432203292846680e-01
-3.191474676132202148e-01
-2.958580851554870605e-01
-2.707293033599853516e-01
-2.441287636756896973e-01
-2.164300084114074707e-01
-1.880049407482147217e-01
-1.592184901237487793e-01
-1.304211914539337158e-01
-1.019431650638580322e-01
-7.409057021141052246e-02
-4.713824391365051270e-02
-2.132725715637207031e-02
3.138661384582519531e-03
2.609494328498840332e-02
4.741710424423217773e-02
6.702145934104919434e-02
8.486384153366088867e-02
1.009374409914016724e-01
1.152706891298294067e-01
1.279221922159194946e-01
1.389781683683395386e-01
1.485471278429031372e-01
1.567546278238296509e-01
1.637386828660964966e-01
1.696443557739257812e-01
1.746193170547485352e-01
1.788098216056823730e-01
1.823555976152420044e-01
1.853873729705810547e-01
1.880235224962234497e-01
1.903669238090515137e-01
1.925040185451507568e-01
1.945015788078308105e-01
1.964066326618194580e-01
1.982446461915969849e-01
2.000193893909454346e-01
2.017123103141784668e-01
2.032826095819473267e-01
2.046679109334945679e-01
2.057855278253555298e-01
2.065338492393493652e-01
2.067948877811431885e-01
2.064365744590759277e-01
2.053172588348388672e-01
2.032882869243621826e-01
2.001998722553253174e-01
1.959046423435211182e-01
1.902634054422378540e-01
1.831494122743606567e-01
1.744534224271774292e-01
1.640888005495071411e-01
1.519948989152908325e-01
1.381409764289855957e-01
1.225309222936630249e-01
1.052030026912689209e-01
8.623425662517547607e-02
6.574010848999023438e-02
4.387453198432922363e-02
2.083030343055725098e-02
-3.164768218994140625e-03
-2.785003185272216797e-02
-5.293533205986022949e-02
-7.810768485069274902e-02
-1.030350625514984131e-01
-1.273747384548187256e-01
-1.507799327373504639e-01
-1.729069352149963379e-01
-1.934219598770141602e-01
-2.120091319084167480e-01
-2.283765077590942383e-01
-2.422628998756408691e-01
-2.534432411193847656e-01
-2.617325186729431152e-01
-2.669902443885803223e-01
-2.691234350204467773e-01
-2.680881023406982422e-01
-2.638908028602600098e-01
-2.565881013870239258e-01
-2.462859153747558594e-01
-2.331373691558837891e-01
-2.173398733139038086e-01
-1.991311311721801758e-01
-1.787838339805603027e-01
-1.566016972064971924e-01
-1.329105496406555176e-01
-1.080550253391265869e-01
-8.238723874092102051e-02
-5.626419186592102051e-02
-3.003546595573425293e-02
-4.041522741317749023e-03
2.139648795127868652e-02
4.598304629325866699e-02
6.945021450519561768e-02
9.156604111194610596e-02
1.121349781751632690e-01
1.310010403394699097e-01
1.480508893728256226e-01
1.632109433412551880e-01
1.764490604400634766e-01
1.877704858779907227e-01
1.972162127494812012e-01
2.048594355583190918e-01
2.108002901077270508e-01
2.151620388031005859e-01
2.180857658386230469e-01
2.197248935699462891e-01
2.202414870262145996e-01
2.198001742362976074e-01
2.185638546943664551e-01
2.166900634765625000e-01
2.143269777297973633e-01
2.116099596023559570e-01
2.086591720581054688e-01
2.055764198303222656e-01
2.024438381195068359e-01
1.993219852447509766e-01
1.962488889694213867e-01
1.932395696640014648e-01
1.902854442596435547e-01
1.873549818992614746e-01
1.843947768211364746e-01
1.813305020332336426e-01
1.780686974525451660e-01
1.744992733001708984e-01
1.704978346824645996e-01
1.659286916255950928e-01
1.606475710868835449e-01
1.545058786869049072e-01
1.473537385463714600e-01
1.390443444252014160e-01
1.294377148151397705e-01
1.184054315090179443e-01
1.058351099491119385e-01
9.163379669189453125e-02
7.573437690734863281e-02
5.809840559959411621e-02
3.871926665306091309e-02
1.762744784355163574e-02
-5.110144615173339844e-03
-2.938586473464965820e-02
-5.505198240280151367e-02
-8.192369341850280762e-02
-1.097760200500488281e-01
-1.383524537086486816e-01
-1.673636436462402344e-01
-1.964937448501586914e-01
-2.254093289375305176e-01
-2.537578344345092773e-01
-2.811810374259948730e-01
-3.073151707649230957e-01
-3.318001627922058105e-01
-3.542866706848144531e-01
-3.744388818740844727e-01
-3.919431567192077637e-01
-4.065111875534057617e-01
-4.178862571716308594e-01
-4.258488416671752930e-01
-4.302188754081726074e-01
-4.308618903160095215e-01
-4.276913404464721680e-01
-4.206716418266296387e-01
-4.098196029663085938e-01
-3.952069878578186035e-01
-3.769592046737670898e-01
-3.552554845809936523e-01
-3.303266167640686035e-01
-3.024505972862243652e-01
-2.719504237174987793e-01
-2.391849756240844727e-01
-2.045471072196960449e-01
-1.684536635875701904e-01
-1.313346922397613525e-01
-9.363141655921936035e-02
-5.577978491783142090e-02
-1.820778846740722656e-02
1.867544651031494141e-02
5.449092388153076172e-02
8.889055252075195312e-02
1.215703487396240234e-01
1.522700190544128418e-01
1.807788610458374023e-01
2.069397568702697754e-01
2.306459546089172363e-01
2.518442869186401367e-01
2.705286741256713867e-01
2.867391109466552734e-01
3.005576133728027344e-01
3.120980858802795410e-01
3.215048313140869141e-01
3.289412856101989746e-01
3.345854878425598145e-01
3.386220932006835938e-01
3.412359952926635742e-01
3.426058888435363770e-01
3.428992033004760742e-01
3.422672748565673828e-01
3.408418297767639160e-01
3.387323617935180664e-01
3.360230922698974609e-01
3.327726125717163086e-01
3.290128111839294434e-01
3.247483968734741211e-01
3.199582099914550781e-01
3.145962953567504883e-01
3.085933923721313477e-01
3.018603324890136719e-01
2.942897081375122070e-01
2.857614159584045410e-01
2.761464715003967285e-01
2.653111219406127930e-01
2.531236410140991211e-01
2.394584417343139648e-01
2.242028713226318359e-01
2.072622776031494141e-01
1.885637640953063965e-01
1.680629849433898926e-01
1.457444429397583008e-01
1.216278076171875000e-01
9.576788544654846191e-02
6.825330853462219238e-02
3.921124339103698730e-02
8.799672126770019531e-03
-2.278882265090942383e-02
-5.533295869827270508e-02
-8.858871459960937500e-02
-1.222886145114898682e-01
-1.561532616615295410e-01
-1.898897290229797363e-01
-2.232009172439575195e-01
-2.557921409606933594e-01
-2.873721122741699219e-01
-3.176627159118652344e-01
-3.463987112045288086e-01
-3.733335733413696289e-01
-3.982437252998352051e-01
-4.209268689155578613e-01
-4.412068724632263184e-01
-4.589307904243469238e-01
-4.739702343940734863e-01
-4.862216114997863770e-01
-4.956023693084716797e-01
-5.020522475242614746e-01
-5.055304765701293945e-01
-5.060164332389831543e-01
-5.035084486007690430e-01
-4.980240464210510254e-01
-4.896000623703002930e-01
-4.782941937446594238e-01
-4.641856551170349121e-01
-4.473751187324523926e-01
-4.279874563217163086e-01
-4.061697721481323242e-01
-3.820940852165222168e-01
-3.559560179710388184e-01
-3.279712200164794922e-01
-2.983784079551696777e-01
-2.674312591552734375e-01
-2.354007959365844727e-01
-2.025696039199829102e-01
-1.692248582839965820e-01
-1.356595754623413086e-01
-1.021611690521240234e-01
-6.901198625564575195e-02
-3.648182749748229980e-02
-4.819869995117187500e-03
2.574425935745239258e-02
5.501136183738708496e-02
8.281087875366210938e-02
1.090059280395507812e-01
1.334974765777587891e-01
1.562200486660003662e-01
1.771465539932250977e-01
1.962819695472717285e-01
2.136633396148681641e-01
2.293565273284912109e-01
2.434498667716979980e-01
2.560511827468872070e-01
2.672808170318603516e-01
2.772675752639770508e-01
2.861436605453491211e-01
2.940379977226257324e-01
3.010739088058471680e-01
3.073627352714538574e-01
3.130006790161132812e-01
3.180665969848632812e-01
3.226172327995300293e-01
3.266863226890563965e-01
3.302814960479736328e-01
3.333837985992431641e-01
3.359468579292297363e-01
3.378968238830566406e-01
3.391333818435668945e-01
3.395318984985351562e-01
3.389456272125244141e-01
3.372104763984680176e-01
3.341486454010009766e-01
3.295745849609375000e-01
3.233011960983276367e-01
3.151454329490661621e-01
3.049361109733581543e-01
2.925195097923278809e-01
2.777673006057739258e-01
2.605826854705810547e-01
2.409034371376037598e-01
2.187116146087646484e-01
1.940346360206604004e-01
1.669501066207885742e-01
1.375876069068908691e-01
1.061253249645233154e-01
7.279637455940246582e-02
3.788149356842041016e-02
1.705825328826904297e-03
-3.536438941955566406e-02
-7.293671369552612305e-02
-1.105888187885284424e-01
-1.478846967220306396e-01
-1.843823492527008057e-01
-2.196409106254577637e-01
-2.532376050949096680e-01
-2.847644686698913574e-01
-3.138446807861328125e-01
-3.401365280151367188e-01
-3.633381128311157227e-01
-3.831974864006042480e-01
-3.995084166526794434e-01
-4.121170639991760254e-01
-4.209246039390563965e-01
-4.258838891983032227e-01
-4.270032644271850586e-01
-4.243419766426086426e-01
-4.180096983909606934e-01
-4.081639647483825684e-01
-3.950069546699523926e-01
-3.787791132926940918e-01
-3.597570061683654785e-01
-3.382473587989807129e-01
-3.145807981491088867e-01
-2.891061902046203613e-01
-2.621824145317077637e-01
-2.341750860214233398e-01
-2.054489850997924805e-01
-1.763602793216705322e-01
-1.472541093826293945e-01
-1.184521913528442383e-01
-9.025704860687255859e-02
-6.293982267379760742e-02
-3.674104809761047363e-02
-1.186487078666687012e-02
1.152500510215759277e-02
3.330111503601074219e-02
5.337655544281005859e-02
7.170447707176208496e-02
8.827340602874755859e-02
1.031098365783691406e-01
1.162693500518798828e-01
1.278349757194519043e-01
1.379128992557525635e-01
1.466262340545654297e-01
1.541132926940917969e-01
1.605187356472015381e-01
1.659920215606689453e-01
1.706830263137817383e-01
1.747372150421142578e-01
1.782937049865722656e-01
1.814807951450347900e-01
1.844143867492675781e-01
1.871943175792694092e-01
1.899018883705139160e-01
1.925986409187316895e-01
1.953232288360595703e-01
1.980899572372436523e-01
2.008894681930541992e-01
