1.500000059604644775e-01
1.714590191841125488e-01
1.903184056282043457e-01
2.063985317945480347e-01
2.195726931095123291e-01
2.297674417495727539e-01
2.369617819786071777e-01
2.411850988864898682e-01
2.425146102905273438e-01
2.410718053579330444e-01
2.370183765888214111e-01
2.305521667003631592e-01
2.219021469354629517e-01
2.113237380981445312e-01
1.990935206413269043e-01
1.855037212371826172e-01
1.708563268184661865e-01
1.554573327302932739e-01
1.396101862192153931e-01
1.236096322536468506e-01
1.077356487512588501e-01
9.224703907966613770e-02
7.737638056278228760e-02
6.332501024007797241e-02
5.025898665189743042e-02
3.830599039793014526e-02
2.755349874496459961e-02
1.804801821708679199e-02
9.794965386390686035e-03
2.760484814643859863e-03
-3.126710653305053711e-03
-7.971823215484619141e-03
-1.191014051437377930e-02
-1.510225236415863037e-02
-1.772916316986083984e-02
-1.998643577098846436e-02
-2.207821607589721680e-02
-2.421119809150695801e-02
-2.658829092979431152e-02
-2.940239012241363525e-02
-3.283028304576873779e-02
-3.702716529369354248e-02
-4.212126135826110840e-02
-4.820981621742248535e-02
-5.535523593425750732e-02
-6.358246505260467529e-02
-7.287751138210296631e-02
-8.318701386451721191e-02
-9.441867470741271973e-02
-1.064427196979522705e-01
-1.190944612026214600e-01
-1.321774125099182129e-01
-1.454677879810333252e-01
-1.587184071540832520e-01
-1.716639399528503418e-01
-1.840267777442932129e-01
-1.955226659774780273e-01
-2.058660387992858887e-01
-2.147769927978515625e-01
-2.219865620136260986e-01
-2.272432446479797363e-01
-2.303184270858764648e-01
-2.310112714767456055e-01
-2.291547954082489014e-01
-2.246185243129730225e-01
-2.173133194446563721e-01
-2.071936428546905518e-01
-1.942595243453979492e-01
-1.785573363304138184e-01
-1.601805388927459717e-01
-1.392677724361419678e-01
-1.160015761852264404e-01
-9.060567617416381836e-02
-6.334051489830017090e-02
-3.449967503547668457e-02
-4.403486847877502441e-03
2.660628408193588257e-02
5.817212164402008057e-02
8.992882817983627319e-02
1.215083003044128418e-01
1.525480002164840698e-01
1.826956868171691895e-01
2.116152942180633545e-01
2.389930784702301025e-01
2.645406424999237061e-01
2.879999876022338867e-01
3.091450333595275879e-01
3.277849555015563965e-01
3.437647819519042969e-01
3.569661676883697510e-01
3.673071861267089844e-01
3.747424483299255371e-01
3.792616128921508789e-01
3.808880448341369629e-01
3.796774744987487793e-01
3.757158219814300537e-01
3.691175580024719238e-01
3.600229024887084961e-01
3.485956192016601562e-01
3.350206315517425537e-01
3.195003867149353027e-01
3.022524118423461914e-01
2.835057079792022705e-01
2.634962797164916992e-01
2.424644827842712402e-01
2.206490784883499146e-01
1.982841789722442627e-01
1.755941063165664673e-01
1.527884155511856079e-01
1.300583779811859131e-01
1.075728610157966614e-01
8.547408133745193481e-02
6.387745589017868042e-02
4.286669194698333740e-02
2.249515056610107422e-02
2.785116434097290039e-03
-1.627007126808166504e-02
-3.470370173454284668e-02
-5.257271230220794678e-02
-6.995305418968200684e-02
-8.693420886993408203e-02
-1.036143004894256592e-01
-1.200925111770629883e-01
-1.364651918411254883e-01
-1.528172194957733154e-01
-1.692183911800384521e-01
-1.857174038887023926e-01
-2.023363113403320312e-01
-2.190687954425811768e-01
-2.358765304088592529e-01
-2.526880204677581787e-01
-2.693981826305389404e-01
-2.858688235282897949e-01
-3.019315302371978760e-01
-3.173890709877014160e-01
-3.320198953151702881e-01
-3.455828726291656494e-01
-3.578204214572906494e-01
-3.684665262699127197e-01
-3.772507607936859131e-01
-3.839048445224761963e-01
-3.881699144840240479e-01
-3.898017108440399170e-01
-3.885785043239593506e-01
-3.843062818050384521e-01
-3.768257796764373779e-01
-3.660176694393157959e-01
-3.518085181713104248e-01
-3.341736793518066406e-01
-3.131422400474548340e-01
-2.887977659702301025e-01
-2.612798810005187988e-01
-2.307848036289215088e-01
-1.975613236427307129e-01
-1.619085371494293213e-01
-1.241717040538787842e-01
-8.473435044288635254e-02
-4.401420056819915771e-02
-2.451613545417785645e-03
3.949784487485885620e-02
8.137165009975433350e-02
1.227122545242309570e-01
1.630721092224121094e-01
2.020276784896850586e-01
2.391832172870635986e-01
2.741807997226715088e-01
3.067027330398559570e-01
3.364791274070739746e-01
3.632895946502685547e-01
3.869642615318298340e-01
4.073845744132995605e-01
4.244812130928039551e-01
4.382326304912567139e-01
4.486614465713500977e-01
4.558305442333221436e-01
4.598383903503417969e-01
4.608143568038940430e-01
4.589144885540008545e-01
4.543164372444152832e-01
4.472149610519409180e-01
4.378174841403961182e-01
4.263408184051513672e-01
4.130066633224487305e-01
3.980385065078735352e-01
3.816580772399902344e-01
3.640825748443603516e-01
3.455225825309753418e-01
3.261784315109252930e-01
3.062381744384765625e-01
2.858753800392150879e-01
2.652474045753479004e-01
2.444936037063598633e-01
2.237330973148345947e-01
2.030642777681350708e-01
1.825637519359588623e-01
1.622860282659530640e-01
1.422639936208724976e-01
1.225091964006423950e-01
1.030135452747344971e-01
8.375109732151031494e-02
6.468097120523452759e-02
4.575020819902420044e-02
2.689688652753829956e-02
8.054241538047790527e-03
-1.084640622138977051e-02
-2.987098693847656250e-02
-4.907903075218200684e-02
-6.852157413959503174e-02
-8.823667466640472412e-02
-1.082483828067779541e-01
-1.285633444786071777e-01
-1.491695642471313477e-01
-1.700366735458374023e-01
-1.911131739616394043e-01
-2.123301029205322266e-01
-2.335969507694244385e-01
-2.548077106475830078e-01
-2.758378386497497559e-01
-2.965479493141174316e-01
-3.167863488197326660e-01
-3.363881707191467285e-01
-3.551797568798065186e-01
-3.729790747165679932e-01
-3.895972073078155518e-01
-4.048422276973724365e-01
-4.185185730457305908e-01
-4.304314553737640381e-01
-4.403868019580841064e-01
-4.481950700283050537e-01
-4.536737501621246338e-01
-4.566494524478912354e-01
-4.569625556468963623e-01
-4.544697105884552002e-01
-4.490480720996856689e-01
-4.405991733074188232e-01
-4.290535748004913330e-01
-4.143747389316558838e-01
-3.965627849102020264e-01
-3.756591379642486572e-01
-3.517464697360992432e-01
-3.249551355838775635e-01
-2.954600751399993896e-01
-2.634837329387664795e-01
-2.292938530445098877e-01
-1.931976377964019775e-01
-1.555437743663787842e-01
-1.167090535163879395e-01
-7.709887623786926270e-02
-3.713737428188323975e-02
2.745315432548522949e-03
4.211440682411193848e-02
8.054545521736145020e-02
1.176283806562423706e-01
1.529777944087982178e-01
1.862425655126571655e-01
2.171073853969573975e-01
2.453035563230514526e-01
2.706087231636047363e-01
2.928528785705566406e-01
3.119204044342041016e-01
3.277475237846374512e-01
3.403248786926269531e-01
3.496927022933959961e-01
3.559392094612121582e-01
3.591960668563842773e-01
3.596320152282714844e-01
3.574489355087280273e-01
3.528737425804138184e-01
3.461529016494750977e-01
3.375446200370788574e-01
3.273130059242248535e-01
3.157204389572143555e-01
3.030226826667785645e-01
2.894620299339294434e-01
2.752615213394165039e-01
2.606227397918701172e-01
2.457189261913299561e-01
2.306946516036987305e-01
2.156623899936676025e-01
2.007000893354415894e-01
1.858533471822738647e-01
1.711345165967941284e-01
1.565253138542175293e-01
1.419795006513595581e-01
1.274256408214569092e-01
1.127746701240539551e-01
9.792182594537734985e-02
8.275570720434188843e-02
6.716426461935043335e-02
5.103845894336700439e-02
3.428379446268081665e-02
1.682136952877044678e-02
-1.403540372848510742e-03
-2.041806280612945557e-02
-4.021903872489929199e-02
-6.076931953430175781e-02
-8.199855685234069824e-02
-1.038016974925994873e-01
-1.260402500629425049e-01
-1.485476791858673096e-01
-1.711275875568389893e-01
-1.935631930828094482e-01
-2.156173586845397949e-01
-2.370391190052032471e-01
-2.575707137584686279e-01
-2.769484221935272217e-01
-2.949118912220001221e-01
-3.112057149410247803e-01
-3.255855143070220947e-01
-3.378225862979888916e-01
-3.477069437503814697e-01
-3.550525009632110596e-01
-3.596985042095184326e-01
-3.615151941776275635e-01
-3.604039847850799561e-01
-3.563022315502166748e-01
-3.491837084293365479e-01
-3.390606343746185303e-01
-3.259854018688201904e-01
-3.100495636463165283e-01
-2.913860380649566650e-01
-2.701644003391265869e-01
-2.465942203998565674e-01
-2.209212481975555420e-01
-1.934219598770141602e-01
-1.644044220447540283e-01
-1.342019736766815186e-01
-1.031667590141296387e-01
-7.166922092437744141e-02
-4.008537530899047852e-02
-8.797556161880493164e-03
2.181662619113922119e-02
5.139173567295074463e-02
7.957705855369567871e-02
1.060491129755973816e-01
1.305109709501266479e-01
1.527025848627090454e-01
1.724048554897308350e-01
1.894406527280807495e-01
2.036808580160140991e-01
2.150427550077438354e-01
2.234925925731658936e-01
2.290451377630233765e-01
2.317608445882797241e-01
2.317446768283843994e-01
2.291428297758102417e-01
2.241387814283370972e-01
2.169490605592727661e-01
2.078184932470321655e-01
1.970141381025314331e-01
1.848209053277969360e-01
1.715345829725265503e-01
1.574553698301315308e-01
1.428828686475753784e-01
1.281075775623321533e-01
1.134075745940208435e-01
9.904114902019500732e-02
8.524039387702941895e-02
7.220932841300964355e-02
6.011638045310974121e-02
4.909448325634002686e-02
3.923638910055160522e-02
3.059414774179458618e-02
2.317948639392852783e-02
1.696328818798065186e-02
1.187902688980102539e-02
7.824450731277465820e-03
4.665464162826538086e-03
2.241343259811401367e-03
3.691315650939941406e-04
-1.149803400039672852e-03
-2.524539828300476074e-03
-3.968179225921630859e-03
-5.690783262252807617e-03
-7.894173264503479004e-03
-1.076510548591613770e-02
-1.447023451328277588e-02
-1.915067434310913086e-02
-2.491731941699981689e-02
-3.184790909290313721e-02
-3.998242318630218506e-02
-4.932159185409545898e-02
-5.982680618762969971e-02
-7.141807675361633301e-02
-8.397686481475830078e-02
-9.734597802162170410e-02
-1.113336384296417236e-01
-1.257179081439971924e-01
-1.402496993541717529e-01
-1.546597778797149658e-01
-1.686625182628631592e-01
-1.819629967212677002e-01
-1.942642033100128174e-01
-2.052707970142364502e-01
-2.146975100040435791e-01
-2.222741544246673584e-01
-2.277508676052093506e-01
-2.309052050113677979e-01
-2.315450012683868408e-01
-2.295143902301788330e-01
-2.246974408626556396e-01
-2.170208394527435303e-01
-2.064566910266876221e-01
-1.930246353149414062e-01
-1.767905056476593018e-01
-1.578688323497772217e-01
-1.364202201366424561e-01
-1.126469075679779053e-01
-8.679413795471191406e-02
-5.914059281349182129e-02
-2.999952435493469238e-02
2.913177013397216797e-04
3.137602657079696655e-02
6.288236379623413086e-02
9.443468600511550903e-02
1.256543546915054321e-01
1.561703085899353027e-01
1.856270730495452881e-01
2.136829644441604614e-01
2.400251477956771851e-01
2.643665075302124023e-01
2.864516973495483398e-01
3.060620427131652832e-01
3.230142593383789062e-01
3.371654152870178223e-01
3.484093546867370605e-01
3.566817641258239746e-01
3.619553446769714355e-01
3.642408251762390137e-01
3.635858893394470215e-01
3.600736856460571289e-01
3.538187742233276367e-01
3.449674844741821289e-01
3.336931467056274414e-01
3.201938271522521973e-01
3.046895265579223633e-01
2.874146103858947754e-01
2.686187624931335449e-01
2.485594749450683594e-01
2.274968624114990234e-01
2.056909799575805664e-01
1.833909898996353149e-01
1.608378440141677856e-01
1.382544338703155518e-01
1.158420294523239136e-01
9.377809613943099976e-02
7.220756262540817261e-02
5.124792456626892090e-02
3.098259866237640381e-02
1.146146655082702637e-02
-7.296577095985412598e-03
-2.530744671821594238e-02
-4.261204600334167480e-02
-5.927649140357971191e-02
-7.538700103759765625e-02
-9.104269742965698242e-02
-1.063534915447235107e-01
-1.214280426502227783e-01
-1.363710761070251465e-01
-1.512765586376190186e-01
-1.662207543849945068e-01
-1.812597215175628662e-01
-1.964213848114013672e-01
-2.117042243480682373e-01
-2.270750701427459717e-01
-2.424667775630950928e-01
-2.577797472476959229e-01
-2.728806436061859131e-01
-2.876051962375640869e-01
-3.017615377902984619e-01
-3.151315748691558838e-01
-3.274796903133392334e-01
-3.385528028011322021e-01
-3.480890691280364990e-01
-3.558228909969329834e-01
-3.614920079708099365e-01
-3.648444712162017822e-01
-3.656439483165740967e-01
-3.636777102947235107e-01
-3.587618768215179443e-01
-3.507485091686248779e-01
-3.395297229290008545e-01
-3.250429332256317139e-01
-3.072756230831146240e-01
-2.862663567066192627e-01
-2.621093094348907471e-01
-2.349484860897064209e-01
-2.049855887889862061e-01
-1.724710166454315186e-01
-1.377025544643402100e-01
-1.010216176509857178e-01
-6.279957294464111328e-02
-2.344208955764770508e-02
1.662780344486236572e-02
5.697405338287353516e-02
9.715569019317626953e-02
1.367428451776504517e-01
1.753120720386505127e-01
2.124641090631484985e-01
2.478269189596176147e-01
