0.000000000000000000e+00
7.554931938648223877e-02
1.510986387729644775e-01
2.266479581594467163e-01
3.021972775459289551e-01
3.777465820312500000e-01
4.532959163188934326e-01
5.288452506065368652e-01
6.043945550918579102e-01
6.799438595771789551e-01
7.554931640625000000e-01
8.310425281524658203e-01
9.065918326377868652e-01
9.821411371231079102e-01
1.057690501213073730e+00
1.133239746093750000e+00
1.208789110183715820e+00
1.284338474273681641e+00
1.359887719154357910e+00
1.435437083244323730e+00
1.510986328125000000e+00
1.586535692214965820e+00
1.662085056304931641e+00
1.737634301185607910e+00
1.813183665275573730e+00
1.888733029365539551e+00
1.964282274246215820e+00
2.039831638336181641e+00
2.115381002426147461e+00
2.190930366516113281e+00
2.266479492187500000e+00
2.342028856277465820e+00
2.417578220367431641e+00
2.493127584457397461e+00
2.568676948547363281e+00
2.644226074218750000e+00
2.719775438308715820e+00
2.795324802398681641e+00
2.870874166488647461e+00
2.946423530578613281e+00
3.021972656250000000e+00
3.097522020339965820e+00
3.173071384429931641e+00
3.248620748519897461e+00
3.324170112609863281e+00
3.399719476699829102e+00
3.475268602371215820e+00
3.550817966461181641e+00
3.626367330551147461e+00
3.701916694641113281e+00
3.777466058731079102e+00
3.853015184402465820e+00
3.928564548492431641e+00
4.004114151000976562e+00
4.079663276672363281e+00
4.155212402343750000e+00
4.230762004852294922e+00
4.306311130523681641e+00
4.381860733032226562e+00
4.457409858703613281e+00
4.532958984375000000e+00
4.608508586883544922e+00
4.684057712554931641e+00
4.759607315063476562e+00
4.835156440734863281e+00
4.910705566406250000e+00
4.986255168914794922e+00
5.061804294586181641e+00
5.137353897094726562e+00
5.212903022766113281e+00
5.288452148437500000e+00
5.364001750946044922e+00
5.439550876617431641e+00
5.515100479125976562e+00
5.590649604797363281e+00
5.666198730468750000e+00
5.741748332977294922e+00
5.817297458648681641e+00
5.892847061157226562e+00
5.968396186828613281e+00
6.043945312500000000e+00
6.119494915008544922e+00
6.195044040679931641e+00
6.270593643188476562e+00
6.346142768859863281e+00
6.421692371368408203e+00
6.497241497039794922e+00
6.572790622711181641e+00
6.648340225219726562e+00
6.723889350891113281e+00
6.799438953399658203e+00
6.874988079071044922e+00
6.950537204742431641e+00
7.026086807250976562e+00
7.101635932922363281e+00
7.177185535430908203e+00
7.252734661102294922e+00
7.328283786773681641e+00
7.403833389282226562e+00
7.479382514953613281e+00
7.554932117462158203e+00
7.630481243133544922e+00
7.706030368804931641e+00
7.781579971313476562e+00
7.857129096984863281e+00
7.932678699493408203e+00
8.008228302001953125e+00
8.083777427673339844e+00
8.159326553344726562e+00
8.234875679016113281e+00
8.310424804687500000e+00
8.385974884033203125e+00
8.461524009704589844e+00
8.537073135375976562e+00
8.612622261047363281e+00
8.688171386718750000e+00
8.763721466064453125e+00
8.839270591735839844e+00
8.914819717407226562e+00
8.990368843078613281e+00
9.065917968750000000e+00
9.141468048095703125e+00
9.217017173767089844e+00
9.292566299438476562e+00
9.368115425109863281e+00
9.443664550781250000e+00
9.519214630126953125e+00
9.594763755798339844e+00
9.670312881469726562e+00
9.745862007141113281e+00
9.821411132812500000e+00
9.896961212158203125e+00
9.972510337829589844e+00
1.004805946350097656e+01
1.012360858917236328e+01
1.019915771484375000e+01
1.027470779418945312e+01
1.035025691986083984e+01
1.042580604553222656e+01
1.050135517120361328e+01
1.057690429687500000e+01
1.065245437622070312e+01
1.072800350189208984e+01
1.080355262756347656e+01
1.087910175323486328e+01
1.095465087890625000e+01
1.103020095825195312e+01
1.110575008392333984e+01
1.118129920959472656e+01
1.125684833526611328e+01
1.133239746093750000e+01
1.140794754028320312e+01
1.148349666595458984e+01
1.155904579162597656e+01
1.163459491729736328e+01
1.171014404296875000e+01
1.178569412231445312e+01
1.186124324798583984e+01
1.193679237365722656e+01
1.201234149932861328e+01
1.208789062500000000e+01
1.216344070434570312e+01
1.223898983001708984e+01
1.231453895568847656e+01
1.239008808135986328e+01
1.246563816070556641e+01
1.254118728637695312e+01
1.261673641204833984e+01
1.269228553771972656e+01
1.276783466339111328e+01
1.284338474273681641e+01
1.291893386840820312e+01
1.299448299407958984e+01
1.307003211975097656e+01
1.314558124542236328e+01
1.322113132476806641e+01
1.329668045043945312e+01
1.337222957611083984e+01
1.344777870178222656e+01
1.352332782745361328e+01
1.359887790679931641e+01
1.367442703247070312e+01
1.374997615814208984e+01
1.382552528381347656e+01
1.390107440948486328e+01
1.397662448883056641e+01
1.405217361450195312e+01
1.412772274017333984e+01
1.420327186584472656e+01
1.427882099151611328e+01
1.435437107086181641e+01
1.442992019653320312e+01
1.450546932220458984e+01
1.458101844787597656e+01
1.465656757354736328e+01
1.473211765289306641e+01
1.480766677856445312e+01
1.488321590423583984e+01
1.495876502990722656e+01
1.503431415557861328e+01
1.510986423492431641e+01
1.518541336059570312e+01
1.526096248626708984e+01
1.533651161193847656e+01
1.541206073760986328e+01
1.548761081695556641e+01
1.556315994262695312e+01
1.563870906829833984e+01
1.571425819396972656e+01
1.578980731964111328e+01
1.586535739898681641e+01
1.594090652465820312e+01
1.601645660400390625e+01
1.609200477600097656e+01
1.616755485534667969e+01
1.624310302734375000e+01
1.631865310668945312e+01
1.639420318603515625e+01
1.646975135803222656e+01
1.654530143737792969e+01
1.662084960937500000e+01
1.669639968872070312e+01
1.677194976806640625e+01
1.684749794006347656e+01
1.692304801940917969e+01
1.699859619140625000e+01
1.707414627075195312e+01
1.714969635009765625e+01
1.722524452209472656e+01
1.730079460144042969e+01
1.737634277343750000e+01
1.745189285278320312e+01
1.752744293212890625e+01
1.760299110412597656e+01
1.767854118347167969e+01
1.775408935546875000e+01
1.782963943481445312e+01
1.790518951416015625e+01
1.798073768615722656e+01
1.805628776550292969e+01
1.813183593750000000e+01
1.820738601684570312e+01
1.828293609619140625e+01
1.835848426818847656e+01
1.843403434753417969e+01
1.850958251953125000e+01
1.858513259887695312e+01
1.866068267822265625e+01
1.873623085021972656e+01
1.881178092956542969e+01
1.888732910156250000e+01
1.896287918090820312e+01
1.903842926025390625e+01
1.911397743225097656e+01
1.918952751159667969e+01
1.926507568359375000e+01
1.934062576293945312e+01
1.941617584228515625e+01
1.949172401428222656e+01
1.956727409362792969e+01
1.964282226562500000e+01
1.971837234497070312e+01
1.979392242431640625e+01
1.986947059631347656e+01
1.994502067565917969e+01
2.002056884765625000e+01
2.009611892700195312e+01
2.017166900634765625e+01
2.024721717834472656e+01
2.032276725769042969e+01
2.039831542968750000e+01
2.047386550903320312e+01
2.054941558837890625e+01
2.062496376037597656e+01
2.070051383972167969e+01
2.077606201171875000e+01
2.085161209106445312e+01
2.092716217041015625e+01
2.100271034240722656e+01
2.107826042175292969e+01
2.115380859375000000e+01
2.122935867309570312e+01
2.130490875244140625e+01
2.138045692443847656e+01
2.145600700378417969e+01
2.153155517578125000e+01
2.160710525512695312e+01
2.168265533447265625e+01
2.175820350646972656e+01
2.183375358581542969e+01
2.190930175781250000e+01
2.198485183715820312e+01
2.206040191650390625e+01
2.213595008850097656e+01
2.221150016784667969e+01
2.228704833984375000e+01
2.236259841918945312e+01
2.243814849853515625e+01
2.251369667053222656e+01
2.258924674987792969e+01
2.266479492187500000e+01
2.274034500122070312e+01
2.281589508056640625e+01
2.289144325256347656e+01
2.296699333190917969e+01
2.304254150390625000e+01
2.311809158325195312e+01
2.319364166259765625e+01
2.326918983459472656e+01
2.334473991394042969e+01
2.342028808593750000e+01
2.349583816528320312e+01
2.357138824462890625e+01
2.364693641662597656e+01
2.372248649597167969e+01
2.379803466796875000e+01
2.387358474731445312e+01
2.394913482666015625e+01
2.402468299865722656e+01
2.410023307800292969e+01
2.417578125000000000e+01
2.425133132934570312e+01
2.432688140869140625e+01
2.440242958068847656e+01
2.447797966003417969e+01
2.455352973937988281e+01
2.462907791137695312e+01
2.470462799072265625e+01
2.478017616271972656e+01
2.485572624206542969e+01
2.493127632141113281e+01
2.500682449340820312e+01
2.508237457275390625e+01
2.515792274475097656e+01
2.523347282409667969e+01
2.530902290344238281e+01
2.538457107543945312e+01
2.546012115478515625e+01
2.553566932678222656e+01
2.561121940612792969e+01
2.568676948547363281e+01
2.576231765747070312e+01
2.583786773681640625e+01
2.591341590881347656e+01
2.598896598815917969e+01
2.606451606750488281e+01
2.614006423950195312e+01
2.621561431884765625e+01
2.629116249084472656e+01
2.636671257019042969e+01
2.644226264953613281e+01
2.651781082153320312e+01
2.659336090087890625e+01
2.666890907287597656e+01
2.674445915222167969e+01
2.682000923156738281e+01
2.689555740356445312e+01
2.697110748291015625e+01
2.704665565490722656e+01
2.712220573425292969e+01
2.719775581359863281e+01
2.727330398559570312e+01
2.734885406494140625e+01
2.742440223693847656e+01
2.749995231628417969e+01
2.757550239562988281e+01
2.765105056762695312e+01
2.772660064697265625e+01
2.780214881896972656e+01
2.787769889831542969e+01
2.795324897766113281e+01
2.802879714965820312e+01
2.810434722900390625e+01
2.817989540100097656e+01
2.825544548034667969e+01
2.833099555969238281e+01
2.840654373168945312e+01
2.848209381103515625e+01
2.855764198303222656e+01
2.863319206237792969e+01
2.870874214172363281e+01
2.878429031372070312e+01
2.885984039306640625e+01
2.893538856506347656e+01
2.901093864440917969e+01
2.908648872375488281e+01
2.916203689575195312e+01
2.923758697509765625e+01
2.931313514709472656e+01
2.938868522644042969e+01
2.946423530578613281e+01
2.953978347778320312e+01
2.961533355712890625e+01
2.969088172912597656e+01
2.976643180847167969e+01
2.984198188781738281e+01
2.991753005981445312e+01
2.999308013916015625e+01
3.006862831115722656e+01
3.014417839050292969e+01
3.021972846984863281e+01
3.029527664184570312e+01
3.037082672119140625e+01
3.044637489318847656e+01
3.052192497253417969e+01
3.059747505187988281e+01
3.067302322387695312e+01
3.074857330322265625e+01
3.082412147521972656e+01
3.089967155456542969e+01
3.097522163391113281e+01
3.105076980590820312e+01
3.112631988525390625e+01
3.120186805725097656e+01
3.127741813659667969e+01
3.135296821594238281e+01
3.142851638793945312e+01
3.150406646728515625e+01
3.157961463928222656e+01
3.165516471862792969e+01
3.173071479797363281e+01
3.180626296997070312e+01
3.188181304931640625e+01
3.195736122131347656e+01
3.203291320800781250e+01
3.210845947265625000e+01
3.218400955200195312e+01
3.225955963134765625e+01
3.233510971069335938e+01
3.241065979003906250e+01
3.248620605468750000e+01
3.256175613403320312e+01
3.263730621337890625e+01
3.271285629272460938e+01
3.278840637207031250e+01
3.286395263671875000e+01
3.293950271606445312e+01
3.301505279541015625e+01
3.309060287475585938e+01
3.316615295410156250e+01
3.324169921875000000e+01
3.331724929809570312e+01
3.339279937744140625e+01
3.346834945678710938e+01
3.354389953613281250e+01
3.361944580078125000e+01
3.369499588012695312e+01
3.377054595947265625e+01
3.384609603881835938e+01
3.392164611816406250e+01
3.399719238281250000e+01
3.407274246215820312e+01
3.414829254150390625e+01
3.422384262084960938e+01
3.429939270019531250e+01
3.437493896484375000e+01
3.445048904418945312e+01
3.452603912353515625e+01
3.460158920288085938e+01
3.467713928222656250e+01
3.475268554687500000e+01
3.482823562622070312e+01
3.490378570556640625e+01
3.497933578491210938e+01
3.505488586425781250e+01
3.513043212890625000e+01
3.520598220825195312e+01
3.528153228759765625e+01
3.535708236694335938e+01
3.543263244628906250e+01
3.550817871093750000e+01
3.558372879028320312e+01
3.565927886962890625e+01
3.573482894897460938e+01
3.581037902832031250e+01
3.588592529296875000e+01
3.596147537231445312e+01
3.603702545166015625e+01
3.611257553100585938e+01
3.618812561035156250e+01
3.626367187500000000e+01
3.633922195434570312e+01
3.641477203369140625e+01
3.649032211303710938e+01
3.656587219238281250e+01
3.664141845703125000e+01
3.671696853637695312e+01
3.679251861572265625e+01
3.686806869506835938e+01
3.694361877441406250e+01
3.701916503906250000e+01
3.709471511840820312e+01
3.717026519775390625e+01
3.724581527709960938e+01
3.732136535644531250e+01
3.739691162109375000e+01
3.747246170043945312e+01
3.754801177978515625e+01
3.762356185913085938e+01
3.769911193847656250e+01
