3.000000119209289551e-01
3.223513662815093994e-01
3.439347743988037109e-01
3.646293878555297852e-01
3.843140900135040283e-01
4.028639197349548340e-01
4.201487600803375244e-01
4.360325932502746582e-01
4.503752291202545166e-01
4.630334377288818359e-01
4.738640785217285156e-01
4.827266931533813477e-01
4.894866347312927246e-01
4.940183162689208984e-01
4.962083101272583008e-01
4.959578514099121094e-01
4.931856989860534668e-01
4.878302216529846191e-01
4.798508882522583008e-01
4.692298769950866699e-01
4.559725224971771240e-01
4.401082992553710938e-01
4.216900169849395752e-01
4.007939100265502930e-01
3.775185048580169678e-01
3.519835472106933594e-01
3.243281841278076172e-01
2.947098612785339355e-01
2.633019089698791504e-01
2.302920520305633545e-01
1.958801150321960449e-01
1.602756679058074951e-01
1.236967742443084717e-01
8.636750280857086182e-02
4.851591587066650391e-02
1.037272810935974121e-02
-2.783146500587463379e-02
-6.586647033691406250e-02
-1.035052835941314697e-01
-1.405249238014221191e-01
-1.767081916332244873e-01
-2.118453979492187500e-01
-2.457352280616760254e-01
-2.781866788864135742e-01
-3.090205192565917969e-01
-3.380706310272216797e-01
-3.651862144470214844e-01
-3.902326226234436035e-01
-4.130931496620178223e-01
-4.336708188056945801e-01
-4.518887400627136230e-01
-4.676913619041442871e-01
-4.810447096824645996e-01
-4.919370412826538086e-01
-5.003770589828491211e-01
-5.063949823379516602e-01
-5.100395083427429199e-01
-5.113772749900817871e-01
-5.104907751083374023e-01
-5.074763298034667969e-01
-5.024415850639343262e-01
-4.955032467842102051e-01
-4.867849946022033691e-01
-4.764147400856018066e-01
-4.645220041275024414e-01
-4.512361884117126465e-01
-4.366834163665771484e-01
-4.209859967231750488e-01
-4.042587280273437500e-01
-3.866088986396789551e-01
-3.681342005729675293e-01
-3.489222526550292969e-01
-3.290504813194274902e-01
-3.085855245590209961e-01
-2.875847220420837402e-01
-2.660956382751464844e-01
-2.441585063934326172e-01
-2.218073010444641113e-01
-1.990709304809570312e-01
-1.759761571884155273e-01
-1.525482535362243652e-01
-1.288138628005981445e-01
-1.048028767108917236e-01
-8.054986596107482910e-02
-5.609661340713500977e-02
-3.149303793907165527e-02
-6.799757480621337891e-03
1.791167259216308594e-02
4.255673289299011230e-02
6.703712046146392822e-02
9.124083817005157471e-02
1.150410324335098267e-01
1.382975727319717407e-01
1.608565002679824829e-01
1.825521886348724365e-01
2.032087147235870361e-01
2.226422131061553955e-01
2.406639903783798218e-01
2.570835053920745850e-01
2.717120051383972168e-01
2.843666076660156250e-01
2.948743402957916260e-01
3.030760884284973145e-01
3.088307380676269531e-01
3.120189309120178223e-01
3.125460445880889893e-01
3.103455901145935059e-01
3.053809702396392822e-01
2.976475656032562256e-01
2.871734499931335449e-01
2.740203738212585449e-01
2.582819163799285889e-01
2.400853931903839111e-01
2.195874750614166260e-01
1.969735771417617798e-01
1.724549680948257446e-01
1.462658196687698364e-01
1.186599731445312500e-01
8.990667760372161865e-02
6.028649210929870605e-02
3.008747100830078125e-02
-3.994405269622802734e-04
-3.088361024856567383e-02
-6.108093261718750000e-02
-9.071600437164306641e-02
-1.195269823074340820e-01
-1.472689807415008545e-01
-1.737157404422760010e-01
-1.986642479896545410e-01
-2.219359874725341797e-01
-2.433788776397705078e-01
-2.628681659698486328e-01
-2.803064584732055664e-01
-2.956255078315734863e-01
-3.087846040725708008e-01
-3.197696208953857422e-01
-3.285922408103942871e-01
-3.352874517440795898e-01
-3.399122953414916992e-01
-3.425433039665222168e-01
-3.432729244232177734e-01
-3.422086238861083984e-01
-3.394682407379150391e-01
-3.351778984069824219e-01
-3.294693231582641602e-01
-3.224760890007019043e-01
-3.143311738967895508e-01
-3.051654100418090820e-01
-2.951033711433410645e-01
-2.842625379562377930e-01
-2.727516889572143555e-01
-2.606684565544128418e-01
-2.481006383895874023e-01
-2.351236939430236816e-01
-2.218021154403686523e-01
-2.081895470619201660e-01
-1.943289041519165039e-01
-1.802545189857482910e-01
-1.659921705722808838e-01
-1.515605449676513672e-01
-1.369730234146118164e-01
-1.222380995750427246e-01
-1.073624789714813232e-01
-9.235054254531860352e-02
-7.720753550529479980e-02
-6.194001436233520508e-02
-4.655924439430236816e-02
-3.108081221580505371e-02
-1.552784442901611328e-02
6.821751594543457031e-05
1.566606760025024414e-02
3.121322393417358398e-02
4.664602875709533691e-02
6.188918650150299072e-02
7.685555517673492432e-02
9.144733846187591553e-02
1.055562049150466919e-01
1.190655231475830078e-01
1.318514049053192139e-01
1.437848508358001709e-01
1.547338813543319702e-01
1.645654737949371338e-01
1.731488406658172607e-01
1.803575754165649414e-01
1.860727518796920776e-01
1.901854276657104492e-01
1.925999522209167480e-01
1.932363659143447876e-01
1.920331567525863647e-01
1.889495402574539185e-01
1.839674711227416992e-01
1.770932674407958984e-01
1.683585494756698608e-01
1.578210890293121338e-01
1.455647647380828857e-01
1.316991150379180908e-01
1.163582205772399902e-01
9.969928860664367676e-02
8.190004527568817139e-02
6.315693259239196777e-02
4.368129372596740723e-02
2.369758486747741699e-02
3.438055515289306641e-03
-1.685982942581176758e-02
-3.695738315582275391e-02
-5.661824345588684082e-02
-7.561218738555908203e-02
-9.371894598007202148e-02
-1.107310354709625244e-01
-1.264579296112060547e-01
-1.407275795936584473e-01
-1.533897221088409424e-01
-1.643176674842834473e-01
-1.734097898006439209e-01
-1.805913448333740234e-01
-1.858135461807250977e-01
-1.890552341938018799e-01
-1.903207898139953613e-01
-1.896400749683380127e-01
-1.870660781860351562e-01
-1.826741397380828857e-01
-1.765576303005218506e-01
-1.688271760940551758e-01
-1.596067249774932861e-01
-1.490298807621002197e-01
-1.372384130954742432e-01
-1.243768930435180664e-01
-1.105918586254119873e-01
-9.602785110473632812e-02
-8.082339167594909668e-02
-6.511211395263671875e-02
-4.901719093322753906e-02
-3.265276551246643066e-02
-1.612153649330139160e-02
4.871487617492675781e-04
1.709467172622680664e-02
3.363609313964843750e-02
5.005772411823272705e-02
6.631736457347869873e-02
8.238467574119567871e-02
9.823742508888244629e-02
1.138631999492645264e-01
1.292555928230285645e-01
1.444136798381805420e-01
1.593413203954696655e-01
1.740426421165466309e-01
1.885236799716949463e-01
2.027876973152160645e-01
2.168339490890502930e-01
2.306581139564514160e-01
2.442479431629180908e-01
2.575838565826416016e-01
2.706366777420043945e-01
2.833672463893890381e-01
2.957266569137573242e-01
3.076539337635040283e-01
3.190778493881225586e-01
3.299153745174407959e-01
3.400731086730957031e-01
3.494485020637512207e-01
3.579284250736236572e-01
3.653935790061950684e-01
3.717178404331207275e-01
3.767712414264678955e-01
3.804219961166381836e-01
3.825392127037048340e-01
3.829957246780395508e-01
3.816707730293273926e-01
3.784539103507995605e-01
3.732466697692871094e-01
3.659671545028686523e-01
3.565511703491210938e-01
3.449556827545166016e-01
3.311611711978912354e-01
3.151713609695434570e-01
2.970170974731445312e-01
2.767548561096191406e-01
2.544692754745483398e-01
2.302716374397277832e-01
2.042989134788513184e-01
1.767150461673736572e-01
1.477069258689880371e-01
1.174853444099426270e-01
8.628225326538085938e-02
5.434505641460418701e-02
2.193987369537353516e-02
-1.065835356712341309e-02
-4.316380620002746582e-02
-7.528573274612426758e-02
-1.067354679107666016e-01
-1.372238397598266602e-01
-1.664726138114929199e-01
-1.942130327224731445e-01
-2.201921343803405762e-01
-2.441774010658264160e-01
-2.659575343132019043e-01
-2.853488326072692871e-01
-3.021942973136901855e-01
-3.163675665855407715e-01
-3.277750611305236816e-01
-3.363547921180725098e-01
-3.420785665512084961e-01
-3.449502587318420410e-01
-3.450052738189697266e-01
-3.423092365264892578e-01
-3.369553685188293457e-01
-3.290612697601318359e-01
-3.187665343284606934e-01
-3.062286972999572754e-01
-2.916188836097717285e-01
-2.751193642616271973e-01
-2.569169402122497559e-01
-2.372019290924072266e-01
-2.161638736724853516e-01
-1.939855515956878662e-01
-1.708453893661499023e-01
-1.469093561172485352e-01
-1.223337650299072266e-01
-9.726244211196899414e-02
-7.182365655899047852e-02
-4.613441228866577148e-02
-2.029508352279663086e-02
5.604565143585205078e-03
3.148752450942993164e-02
5.728933215141296387e-02
8.295322954654693604e-02
1.084300577640533447e-01
1.336778551340103149e-01
1.586561352014541626e-01
1.833284199237823486e-01
2.076553106307983398e-01
2.315950989723205566e-01
2.551032304763793945e-01
2.781266868114471436e-01
3.006074726581573486e-01
3.224767148494720459e-01
3.436566591262817383e-01
3.640612959861755371e-01
3.835932016372680664e-01
4.021469950675964355e-01
4.196077585220336914e-01
4.358523488044738770e-01
4.507536292076110840e-01
4.641773104667663574e-01
4.759887456893920898e-01
4.860517978668212891e-01
4.942328929901123047e-01
5.004042387008666992e-01
5.044446587562561035e-01
5.062443614006042480e-01
5.057064890861511230e-01
5.027497410774230957e-01
4.973108172416687012e-01
4.893462061882019043e-01
4.788326621055603027e-01
4.657693505287170410e-01
4.501779675483703613e-01
4.321010708808898926e-01
4.116047620773315430e-01
3.887741267681121826e-01
3.637160062789916992e-01
3.365560770034790039e-01
3.074354231357574463e-01
2.765139639377593994e-01
2.439629435539245605e-01
2.099690735340118408e-01
1.747297048568725586e-01
1.384489238262176514e-01
1.013426035642623901e-01
6.362821161746978760e-02
2.553111314773559570e-02
-1.272135972976684570e-02
-5.090397596359252930e-02
-8.878758549690246582e-02
-1.261495649814605713e-01
-1.627679467201232910e-01
-1.984264254570007324e-01
-2.329181432723999023e-01
-2.660412192344665527e-01
-2.976078987121582031e-01
-3.274396061897277832e-01
-3.553714156150817871e-01
-3.812566399574279785e-01
-4.049629569053649902e-01
-4.263790249824523926e-01
-4.454115033149719238e-01
-4.619882106781005859e-01
-4.760605692863464355e-01
-4.875998497009277344e-01
-4.966009855270385742e-01
-5.030798316001892090e-01
-5.070734024047851562e-01
-5.086384415626525879e-01
-5.078501701354980469e-01
-5.047992467880249023e-01
-4.995910525321960449e-01
-4.923422932624816895e-01
-4.831783175468444824e-01
-4.722307920455932617e-01
-4.596338272094726562e-01
-4.455233812332153320e-01
-4.300331473350524902e-01
-4.132924079895019531e-01
-3.954252600669860840e-01
-3.765470385551452637e-01
-3.567661046981811523e-01
-3.361808657646179199e-01
-3.148788809776306152e-01
-2.929396033287048340e-01
-2.704305052757263184e-01
-2.474133968353271484e-01
-2.239406108856201172e-01
-2.000569105148315430e-01
-1.758040189743041992e-01
-1.512182950973510742e-01
-1.263366937637329102e-01
-1.011964678764343262e-01
-7.583507895469665527e-02
-5.029928684234619141e-02
-2.463755011558532715e-02
1.089751720428466797e-03
2.681201696395874023e-02
5.244888365268707275e-02
7.790492475032806396e-02
1.030741631984710693e-01
1.278320550918579102e-01
1.520459055900573730e-01
1.755657494068145752e-01
1.982300281524658203e-01
2.198675870895385742e-01
2.402966022491455078e-01
2.593327760696411133e-01
2.767853736877441406e-01
2.924649715423583984e-01
3.061862289905548096e-01
3.177710473537445068e-01
3.270545303821563721e-01
3.338861465454101562e-01
3.381356000900268555e-01
3.396954536437988281e-01
3.384843468666076660e-01
3.344494700431823730e-01
3.275693058967590332e-01
3.178539574146270752e-01
3.053467273712158203e-01
2.901251912117004395e-01
2.722964286804199219e-01
2.520013749599456787e-01
2.294101715087890625e-01
2.047196626663208008e-01
1.781533956527709961e-01
1.499511301517486572e-01
1.203748881816864014e-01
8.969898521900177002e-02
5.820783972740173340e-02
2.619263529777526855e-02
-6.058871746063232422e-03
-3.825569152832031250e-02
-7.011505961418151855e-02
-1.013659834861755371e-01
-1.317482888698577881e-01
-1.610236763954162598e-01
-1.889693439006805420e-01
-2.153852581977844238e-01
-2.400963306427001953e-01
-2.629519104957580566e-01
-2.838302254676818848e-01
-3.026347756385803223e-01
-3.192973732948303223e-01
-3.337771296501159668e-01
-3.460590243339538574e-01
-3.561551570892333984e-01
-3.640993237495422363e-01
-3.699478507041931152e-01
-3.737758398056030273e-01
-3.756756186485290527e-01
-3.757532238960266113e-01
-3.741256594657897949e-01
-3.709179162979125977e-01
-3.662599325180053711e-01
-3.602842688560485840e-01
-3.531224131584167480e-01
-3.449029326438903809e-01
-3.357493877410888672e-01
-3.257777690887451172e-01
-3.150956034660339355e-01
-3.037986755371093750e-01
-2.919743657112121582e-01
-2.796972393989562988e-01
-2.670313715934753418e-01
-2.540305256843566895e-01
-2.407361865043640137e-01
-2.271831035614013672e-01
-2.133953571319580078e-01
-1.993901431560516357e-01
-1.851774752140045166e-01
-1.707592904567718506e-01
-1.561341285705566406e-01
-1.412944197654724121e-01
-1.262300610542297363e-01
