-3.000000119209289551e-01
-2.878624200820922852e-01
-2.742318809032440186e-01
-2.592833042144775391e-01
-2.432190924882888794e-01
-2.262593507766723633e-01
-2.086331844329833984e-01
-1.905713677406311035e-01
-1.723005324602127075e-01
-1.540381610393524170e-01
-1.359892487525939941e-01
-1.183434277772903442e-01
-1.012728065252304077e-01
-8.493083715438842773e-02
-6.945067644119262695e-02
-5.494469404220581055e-02
-4.150345921516418457e-02
-2.919554710388183594e-02
-1.806712150573730469e-02
-8.142292499542236328e-03
5.763769149780273438e-04
8.107215166091918945e-03
1.448708772659301758e-02
1.977032423019409180e-02
2.402585744857788086e-02
2.733421325683593750e-02
2.978470921516418457e-02
3.147202730178833008e-02
3.249239921569824219e-02
3.294095396995544434e-02
3.290838003158569336e-02
3.247767686843872070e-02
3.172236680984497070e-02
3.070402145385742188e-02
2.947109937667846680e-02
2.805745601654052734e-02
2.648201584815979004e-02
2.474853396415710449e-02
2.284571528434753418e-02
2.074787020683288574e-02
1.841580867767333984e-02
1.579827070236206055e-02
1.283317804336547852e-02
9.449928998947143555e-03
5.571633577346801758e-03
1.117408275604248047e-03
-3.994494676589965820e-03
-9.843915700912475586e-03
-1.650536060333251953e-02
-2.404543757438659668e-02
-3.251919150352478027e-02
-4.196780920028686523e-02
-5.241633951663970947e-02
-6.387101113796234131e-02
-7.631856203079223633e-02
-8.972449600696563721e-02
-1.040331721305847168e-01
-1.191671639680862427e-01
-1.350283622741699219e-01
-1.514976918697357178e-01
-1.684376597404479980e-01
-1.856927871704101562e-01
-2.030913531780242920e-01
-2.204485237598419189e-01
-2.375676035881042480e-01
-2.542435824871063232e-01
-2.702657580375671387e-01
-2.854210734367370605e-01
-2.994981706142425537e-01
-3.122898936271667480e-01
-3.235980570316314697e-01
-3.332368731498718262e-01
-3.410356640815734863e-01
-3.468429148197174072e-01
-3.505282402038574219e-01
-3.519852757453918457e-01
-3.511326313018798828e-01
-3.479158878326416016e-01
-3.423075079917907715e-01
-3.343079388141632080e-01
-3.239443302154541016e-01
-3.112704157829284668e-01
-2.963662445545196533e-01
-2.793350219726562500e-01
-2.603033781051635742e-01
-2.394176274538040161e-01
-2.168439328670501709e-01
-1.927634775638580322e-01
-1.673709750175476074e-01
-1.408725082874298096e-01
-1.134814769029617310e-01
-8.541710674762725830e-02
-5.689999461174011230e-02
-2.815037965774536133e-02
6.143152713775634766e-04
2.918285131454467773e-02
5.735141038894653320e-02
8.492609858512878418e-02
1.117254197597503662e-01
1.375800967216491699e-01
1.623360514640808105e-01
1.858545541763305664e-01
2.080137729644775391e-01
2.287089228630065918e-01
2.478531599044799805e-01
2.653774619102478027e-01
2.812306284904479980e-01
2.953786253929138184e-01
3.078044652938842773e-01
3.185064196586608887e-01
3.274963498115539551e-01
3.347988128662109375e-01
3.404476642608642578e-01
3.444850444793701172e-01
3.469579815864562988e-01
3.479166030883789062e-01
3.474113941192626953e-01
3.454911708831787109e-01
3.422006368637084961e-01
3.375802636146545410e-01
3.316633105278015137e-01
3.244763016700744629e-01
3.160377740859985352e-01
3.063594102859497070e-01
2.954460382461547852e-01
2.832962274551391602e-01
2.699040770530700684e-01
2.552617192268371582e-01
2.393603324890136719e-01
2.221925258636474609e-01
2.037554383277893066e-01
1.840522289276123047e-01
1.630963683128356934e-01
1.409118175506591797e-01
1.175366044044494629e-01
9.302470088005065918e-02
6.744727492332458496e-02
4.089528322219848633e-02
1.347839832305908203e-02
-1.467302441596984863e-02
-4.340809583663940430e-02
-7.255657017230987549e-02
-1.019278168678283691e-01
-1.313151419162750244e-01
-1.604950428009033203e-01
-1.892314255237579346e-01
-2.172774374485015869e-01
-2.443783879280090332e-01
-2.702769637107849121e-01
-2.947152256965637207e-01
-3.174400627613067627e-01
-3.382065892219543457e-01
-3.567820787429809570e-01
-3.729516565799713135e-01
-3.865204453468322754e-01
-3.973184525966644287e-01
-4.052030146121978760e-01
-4.100612998008728027e-01
-4.118139743804931641e-01
-4.104143381118774414e-01
-4.058510065078735352e-01
-3.981473147869110107e-01
-3.873600363731384277e-01
-3.735791742801666260e-01
-3.569254279136657715e-01
-3.375477492809295654e-01
-3.156211972236633301e-01
-2.913427054882049561e-01
-2.649274468421936035e-01
-2.366059422492980957e-01
-2.066191434860229492e-01
-1.752162575721740723e-01
-1.426486372947692871e-01
-1.091679781675338745e-01
-7.502216100692749023e-02
-4.045265913009643555e-02
-5.692929029464721680e-03
2.903530001640319824e-02
6.352284550666809082e-02
9.757444262504577637e-02
1.310096979141235352e-01
1.636627614498138428e-01
1.953852772712707520e-01
2.260444760322570801e-01
2.555240988731384277e-01
2.837245464324951172e-01
3.105618357658386230e-01
3.359678983688354492e-01
3.598903417587280273e-01
3.822898864746093750e-01
4.031411409378051758e-01
4.224287271499633789e-01
4.401488304138183594e-01
4.563044309616088867e-01
4.709059000015258789e-01
4.839674830436706543e-01
4.955069422721862793e-01
5.055430531501770020e-01
5.140950083732604980e-01
5.211803913116455078e-01
5.268150568008422852e-01
5.310109257698059082e-01
5.337764024734497070e-01
5.351152420043945312e-01
5.350265502929687500e-01
5.335043668746948242e-01
5.305380821228027344e-01
5.261126160621643066e-01
5.202093720436096191e-01
5.128071308135986328e-01
5.038831830024719238e-01
4.934151768684387207e-01
4.813815355300903320e-01
4.677647948265075684e-01
4.525510072708129883e-01
4.357337951660156250e-01
4.173129796981811523e-01
3.972989916801452637e-01
3.757121562957763672e-01
3.525826930999755859e-01
3.279547095298767090e-01
3.018828630447387695e-01
2.744363546371459961e-01
2.456981539726257324e-01
2.157630920410156250e-01
1.847426593303680420e-01
1.527598798274993896e-01
1.199545562267303467e-01
8.648091554641723633e-02
5.250492691993713379e-02
1.820963621139526367e-02
-1.621234416961669922e-02
-5.055353045463562012e-02
-8.459666371345520020e-02
-1.181180477142333984e-01
-1.508845686912536621e-01
-1.826617121696472168e-01
-2.132121920585632324e-01
-2.423003315925598145e-01
-2.696974873542785645e-01
-2.951805591583251953e-01
-3.185403943061828613e-01
-3.395812511444091797e-01
-3.581256866455078125e-01
-3.740190267562866211e-01
-3.871287107467651367e-01
-3.973519802093505859e-01
-4.046134948730468750e-01
-4.088696241378784180e-01
-4.101096987724304199e-01
-4.083553552627563477e-01
-4.036610126495361328e-01
-3.961135149002075195e-01
-3.858297467231750488e-01
-3.729536533355712891e-01
-3.576561808586120605e-01
-3.401284217834472656e-01
-3.205814361572265625e-01
-2.992408275604248047e-01
-2.763415575027465820e-01
-2.521271109580993652e-01
-2.268420457839965820e-01
-2.007305026054382324e-01
-1.740329265594482422e-01
-1.469788551330566406e-01
-1.197895407676696777e-01
-9.266942739486694336e-02
-6.580859422683715820e-02
-3.937900066375732422e-02
-1.353132724761962891e-02
1.160097122192382812e-02
3.590670228004455566e-02
5.929338932037353516e-02
8.168655633926391602e-02
1.030311584472656250e-01
1.232860386371612549e-01
1.424257159233093262e-01
1.604349613189697266e-01
1.773079037666320801e-01
1.930473446846008301e-01
2.076589465141296387e-01
2.211521863937377930e-01
2.335356473922729492e-01
2.448156476020812988e-01
2.549953460693359375e-01
2.640712261199951172e-01
2.720337510108947754e-01
2.788643240928649902e-01
2.845363616943359375e-01
2.890143990516662598e-01
2.922547459602355957e-01
2.942076921463012695e-01
2.948167920112609863e-01
2.940226793289184570e-01
2.917655110359191895e-01
2.879860997200012207e-01
2.826297283172607422e-01
2.756491303443908691e-01
2.670058012008666992e-01
2.566735744476318359e-01
2.446404695510864258e-01
2.309092283248901367e-01
2.155009508132934570e-01
1.984543502330780029e-01
1.798259019851684570e-01
1.596931219100952148e-01
1.381513178348541260e-01
1.153151988983154297e-01
9.131968021392822266e-02
6.631493568420410156e-02
4.047077894210815430e-02
1.396963000297546387e-02
-1.298958063125610352e-02
-4.019695520401000977e-02
-6.743547320365905762e-02
-9.447821974754333496e-02
-1.210978031158447266e-01
-1.470640897750854492e-01
-1.721498966217041016e-01
-1.961356997489929199e-01
-2.188081741333007812e-01
-2.399693727493286133e-01
-2.594332695007324219e-01
-2.770322561264038086e-01
-2.926195859909057617e-01
-3.060693740844726562e-01
-3.172796964645385742e-01
-3.261753320693969727e-01
-3.327066898345947266e-01
-3.368530869483947754e-01
-3.386218547821044922e-01
-3.380490541458129883e-01
-3.351992368698120117e-01
-3.301645517349243164e-01
-3.230623006820678711e-01
-3.140345215797424316e-01
-3.032449483871459961e-01
-2.908748388290405273e-01
-2.771213054656982422e-01
-2.621921300888061523e-01
-2.463036775588989258e-01
-2.296758890151977539e-01
-2.125278115272521973e-01
-1.950765848159790039e-01
-1.775309443473815918e-01
-1.600904464721679688e-01
-1.429426670074462891e-01
-1.262577772140502930e-01
-1.101909279823303223e-01
-9.487640857696533203e-02
-8.042943477630615234e-02
-6.694364547729492188e-02
-5.448946356773376465e-02
-4.311639070510864258e-02
-3.285044431686401367e-02
-2.369737625122070312e-02
-1.564225554466247559e-02
-8.651256561279296875e-03
-2.673715353012084961e-03
2.355217933654785156e-03
6.511956453323364258e-03
9.881734848022460938e-03
1.255509257316589355e-02
1.462483406066894531e-02
1.618292927742004395e-02
1.731735467910766602e-02
1.810902357101440430e-02
1.862975955009460449e-02
1.894018054008483887e-02
1.908764243125915527e-02
1.910492777824401855e-02
1.901006698608398438e-02
1.880541443824768066e-02
1.847738027572631836e-02
1.799806952476501465e-02
1.732403039932250977e-02
1.639962196350097656e-02
1.515698432922363281e-02
1.351892948150634766e-02
1.140117645263671875e-02
8.713811635971069336e-03
5.365967750549316406e-03
1.267313957214355469e-03
-3.667652606964111328e-03
-9.517610073089599609e-03
-1.635062694549560547e-02
-2.422064542770385742e-02
-3.316706418991088867e-02
-4.321005940437316895e-02
-5.435156822204589844e-02
-6.657081842422485352e-02
-7.982552051544189453e-02
-9.405219554901123047e-02
-1.091631650924682617e-01
-1.250511407852172852e-01
-1.415859460830688477e-01
-1.586182117462158203e-01
-1.759821772575378418e-01
-1.934939622879028320e-01
-2.109583020210266113e-01
-2.281677126884460449e-01
-2.449080944061279297e-01
-2.609614133834838867e-01
-2.761078476905822754e-01
-2.901324033737182617e-01
-3.028255701065063477e-01
-3.139882087707519531e-01
-3.234364986419677734e-01
-3.310022354125976562e-01
-3.365386724472045898e-01
-3.399205207824707031e-01
-3.410479426383972168e-01
-3.398475646972656250e-01
-3.362731933593750000e-01
-3.303070068359375000e-01
-3.219598531723022461e-01
-3.112710714340209961e-01
-2.983067035675048828e-01
-2.831607460975646973e-01
-2.659507989883422852e-01
-2.468183636665344238e-01
-2.259267568588256836e-01
-2.034553289413452148e-01
-1.796009540557861328e-01
-1.545704007148742676e-01
-1.285847425460815430e-01
-1.018646955490112305e-01
-7.463890314102172852e-02
-4.713517427444458008e-02
-1.957789063453674316e-02
7.811725139617919922e-03
3.482440114021301270e-02
6.125727295875549316e-02
8.692079782485961914e-02
1.116397976875305176e-01
1.352541446685791016e-01
1.576237380504608154e-01
1.786244213581085205e-01
1.981517672538757324e-01
2.161214351654052734e-01
2.324677109718322754e-01
2.471470236778259277e-01
2.601314187049865723e-01
2.714114785194396973e-01
2.809932827949523926e-01
2.888965606689453125e-01
2.951541543006896973e-01
2.998074889183044434e-01
3.029054999351501465e-01
3.045023679733276367e-01
3.046545386314392090e-01
3.034187555313110352e-01
3.008502721786499023e-01
2.969996333122253418e-01
2.919129729270935059e-01
2.856289744377136230e-01
2.781779170036315918e-01
2.695824503898620605e-01
2.598565220832824707e-01
2.490062713623046875e-01
2.370316386222839355e-01
2.239252924919128418e-01
2.096780538558959961e-01
1.942796707153320312e-01
1.777209639549255371e-01
1.599977612495422363e-01
1.411106586456298828e-01
1.210712194442749023e-01
9.990257024765014648e-02
7.764059305191040039e-02
5.433854460716247559e-02
3.006261587142944336e-02
4.901021718978881836e-03
-2.104121446609497070e-02
-4.763814806938171387e-02
-7.474398612976074219e-02
-1.021964550018310547e-01
-1.298110485076904297e-01
-1.573865413665771484e-01
-1.847067475318908691e-01
-2.115399241447448730e-01
-2.376490831375122070e-01
-2.627867460250854492e-01
-2.867036461830139160e-01
-3.091524839401245117e-01
-3.298905491828918457e-01
-3.486883640289306641e-01
-3.653271794319152832e-01
-3.796062469482421875e-01
-3.913458585739135742e-01
-4.003893136978149414e-01
-4.066072702407836914e-01
-4.098967313766479492e-01
-4.101858139038085938e-01
-4.074339866638183594e-01
-4.016348123550415039e-01
-3.928151130676269531e-01
-3.810372352600097656e-01
-3.663989901542663574e-01
-3.490325212478637695e-01
